InDoor #1: 10(9) 11(19) 43(25) 28(30) 25(37) 56(72) 52(89)
InDoor #2: 53(1) 23(11) 3(18) 6(25) 20(35) 15(61) 46(79) 0(88) 51(106)
InDoor #3: 37(7) 24(17) 38(33) 45(46) 44(64) 57(75) 50(85) 27(94) 39(111)
InDoor #4: 26(35) 40(46) 58(58) 42(66) 12(77) 32(88) 34(98) 7(105)
InDoor #5: 36(24) 35(34) 59(49) 49(65) 5(74) 2(85) 29(95) 4(104) 31(117)
InDoor #6: 48(42) 9(73) 19(78) 41(90) 30(100) 8(120)
InDoor #7: 13(24) 55(44) 33(64) 17(82) 21(94) 16(103)
InDoor #8: 18(3) 47(12) 14(20) 54(26) 22(34) 1(60)
OuDoor #1: 25(112) 16(140) 40(147) 2(155) 54(162) 34(168) 37(176)
OuDoor #2: 26(71) 15(80) 56(101) 24(111) 46(139) 43(145) 31(153)
OuDoor #3: 33(62) 1(68) 48(76) 30(82) 9(95) 20(112) 22(130) 59(141) 7(147)
OuDoor #4: 41(63) 51(85) 45(93) 29(106) 18(127) 19(144) 10(154)
OuDoor #5: 4(50) 58(62) 52(67) 32(76) 27(88) 21(104) 0(122) 49(136)
OuDoor #6: 28(65) 50(74) 5(89) 42(106) 3(113) 38(125) 23(136) 13(141) 55(151) 36(159)
OuDoor #7: 11(70) 8(78) 6(102) 12(123) 39(143) 53(148)
OuDoor #8: 14(69) 47(140) 57(145) 35(151) 17(156) 44(165)
Cost 534305.56
DetCost 508574
Time 1375.47
InDoor #1: 18(3) 14(14) 23(20) 20(31) 33(64) 19(77) 0(86)
InDoor #2: 47(10) 13(24) 48(42) 9(73) 21(94) 39(111)
InDoor #3: 53(1) 10(11) 43(24) 22(29) 45(46) 1(60) 56(72) 2(85) 30(99) 31(117)
InDoor #4: 24(4) 37(13) 26(35) 40(46) 49(65) 5(74) 41(90) 51(106) 8(120)
InDoor #5: 36(24) 55(44) 59(49) 42(66) 46(79) 29(95) 4(104)
InDoor #6: 35(34) 58(58) 44(64) 12(77) 50(85) 34(98) 7(105)
InDoor #7: 6(12) 28(30) 25(37) 57(75) 32(88) 27(94) 16(103)
InDoor #8: 11(10) 3(16) 54(23) 38(33) 15(61) 17(82) 52(92)
OuDoor #1: 11(72) 6(102) 12(123) 46(136) 40(142) 35(150) 53(155) 2(160)
OuDoor #2: 14(69) 5(89) 25(112) 49(134) 59(144) 10(150) 54(159) 44(165)
OuDoor #3: 41(59) 1(68) 8(78) 27(88) 21(104) 3(113) 39(142) 7(147)
OuDoor #4: 28(61) 26(69) 50(74) 45(93) 29(106) 38(125) 22(130) 13(141) 55(151)
OuDoor #5: 58(63) 52(68) 51(85) 56(101) 0(122) 19(141) 16(151)
OuDoor #6: 4(50) 33(67) 32(76) 30(82) 20(112) 57(139) 43(145)
OuDoor #7: 48(76) 9(95) 42(106) 24(111) 18(127) 47(141) 31(153)
OuDoor #8: 15(80) 23(145) 36(150) 34(160) 17(168) 37(177)
Cost 535318.15
DetCost 510671
Time 1690.97
InDoor #1: 3(9) 10(16) 54(26) 43(34) 44(64) 52(89) 30(99)
InDoor #2: 6(12) 48(42) 58(58) 17(82) 34(98) 39(111)
InDoor #3: 59(49) 49(65) 12(77) 0(86) 32(93) 51(106) 31(117)
InDoor #4: 23(5) 24(12) 26(35) 40(46) 15(61) 9(73) 2(85) 27(93) 4(104)
InDoor #5: 36(24) 35(34) 55(44) 33(64) 5(74) 19(82) 29(95) 7(103) 8(120)
InDoor #6: 37(7) 47(17) 13(25) 25(37) 42(66) 57(75) 50(85) 21(94) 16(103)
InDoor #7: 22(27) 38(34) 45(46) 1(60) 56(72) 41(90)
InDoor #8: 53(1) 18(11) 11(20) 14(26) 20(32) 28(37) 46(79)
OuDoor #1: 1(68) 32(76) 30(82) 46(137) 43(143) 23(151) 17(156) 44(165)
OuDoor #2: 14(69) 51(85) 6(102) 25(112) 22(130) 59(141) 40(147) 53(155)
OuDoor #3: 41(63) 48(76) 9(95) 42(106) 24(111) 38(125) 49(134) 19(144)
OuDoor #4: 26(69) 50(74) 5(89) 21(103) 20(112) 0(122) 16(136) 39(143)
OuDoor #5: 4(50) 58(63) 52(68) 15(80) 45(93) 29(106) 18(127) 13(141) 10(151)
OuDoor #6: 28(65) 8(78) 27(88) 12(123) 55(141) 31(149) 35(159)
OuDoor #7: 33(66) 11(72) 3(113) 47(141) 7(147) 54(155) 2(161)
OuDoor #8: 56(101) 37(139) 57(145) 34(151) 36(159)
Cost 532948.71
DetCost 505449
Time 1476.86
InDoor #1: 24(4) 18(13) 13(24) 35(34) 25(41) 19(77) 21(94)
InDoor #2: 10(9) 14(19) 20(31) 26(36) 59(49) 15(61) 49(68) 5(74) 41(90)
InDoor #3: 23(5) 36(24) 38(34) 45(46) 58(58) 44(64) 12(77) 2(85) 30(99)
InDoor #4: 28(30) 48(42) 1(60) 9(73) 46(79) 32(88) 16(103) 39(111)
InDoor #5: 55(44) 42(66) 57(75) 50(85) 29(95) 4(104) 8(120)
InDoor #6: 3(9) 47(16) 11(24) 22(30) 40(46) 33(64) 17(82) 27(93) 7(102)
InDoor #7: 37(7) 54(22) 56(72) 0(86) 34(98) 51(106) 31(117)
InDoor #8: 53(1) 6(12) 43(24) 52(89)
OuDoor #1: 4(50) 33(67) 50(74)
OuDoor #2: 58(63) 14(69) 15(79) 51(85) 45(93) 29(106) 36(156)
OuDoor #3: 41(59) 1(68) 48(76) 30(82) 9(95) 21(104) 3(113) 16(134) 23(141) 55(146) 10(154)
OuDoor #4: 26(71) 32(76) 5(89) 56(101) 0(122) 49(133) 53(143) 34(148) 57(156)
OuDoor #5: 28(65) 8(78) 27(88) 42(106) 20(112) 12(123) 46(136) 39(142) 40(147)
OuDoor #6: 52(68) 6(101) 24(111) 38(125) 22(130) 47(138) 19(143) 31(153)
OuDoor #7: 11(72) 18(127) 43(139) 7(147) 54(155) 2(161)
OuDoor #8: 25(112) 13(135) 59(145) 35(151) 44(156) 37(164) 17(170)
Cost 534790.85
DetCost 509996
Time 1227.31
InDoor #1: 18(3) 37(12) 36(24) 55(44) 33(64) 5(74) 52(89)
InDoor #2: 6(12) 54(22) 38(33) 1(60) 12(77) 0(86) 21(94) 39(111)
InDoor #3: 3(9) 26(35) 15(61) 9(73) 17(82) 34(98) 7(105)
InDoor #4: 35(34) 40(46) 44(64) 46(79) 32(88) 27(94) 16(103) 8(120)
InDoor #5: 43(24) 28(30) 25(37) 59(49) 42(66) 19(77) 2(86) 29(95) 4(104) 31(117)
InDoor #6: 13(24) 22(34) 48(42) 58(58) 49(65) 57(75) 41(90) 51(106)
InDoor #7: 24(4) 47(13) 14(21) 11(27) 20(33) 45(46) 56(72) 50(85) 30(99)
InDoor #8: 53(1) 23(11) 10(18)
OuDoor #1: 5(89) 25(112) 16(138) 44(145) 31(153)
OuDoor #2: 28(65) 8(78) 42(106) 24(111) 46(138) 57(144) 10(150) 35(159)
OuDoor #3: 41(63) 11(72) 15(80) 27(88) 9(95) 6(102) 0(122) 49(136)
OuDoor #4: 4(50) 52(68) 30(82) 56(101) 20(112) 18(127) 39(139) 19(144)
OuDoor #5: 58(63) 26(69) 50(74) 51(85) 45(93) 21(104) 12(123) 43(139) 7(147)
OuDoor #6: 33(67) 48(76) 29(106) 38(125) 22(130) 47(139) 40(144) 34(152) 37(160) 2(166)
OuDoor #7: 1(68) 32(76) 3(113) 59(141) 53(147) 55(152)
OuDoor #8: 14(69) 13(139) 23(149) 36(154) 54(164) 17(170)
Cost 533310.59
DetCost 508642
Time 1397.75
InDoor #1: 37(7) 22(27) 35(34) 25(41) 42(66) 46(79) 21(94)
InDoor #2: 14(14) 36(24) 26(35) 59(49) 33(64) 9(73) 41(90) 16(103)
InDoor #3: 24(4) 47(13) 13(24) 38(34) 40(46) 1(60) 56(72) 17(82) 30(99)
InDoor #4: 54(22) 55(44) 58(58) 49(65) 57(75) 50(85) 29(95) 4(104)
InDoor #5: 28(30) 48(42) 15(61) 12(77) 2(85) 27(93) 7(102) 51(107) 8(120)
InDoor #6: 18(3) 6(12) 20(31) 45(46) 44(64) 5(74) 32(88) 39(111)
InDoor #7: 23(5) 10(12) 19(77) 0(86) 34(98) 31(117)
InDoor #8: 53(1) 3(11) 11(18) 43(24) 52(89)
OuDoor #1: 4(50) 33(67) 50(74) 27(88) 6(102) 12(123)
OuDoor #2: 58(63) 14(68) 8(78) 5(89) 23(141) 16(146) 37(153) 35(159) 44(164)
OuDoor #3: 52(68) 45(93) 3(113) 18(127) 55(145) 31(153)
OuDoor #4: 41(63) 32(74) 15(80) 9(95) 42(106) 0(122) 19(144)
OuDoor #5: 28(63) 26(71) 48(76) 51(85) 21(103) 20(112) 38(125) 49(136) 7(146) 53(154) 36(159)
OuDoor #6: 1(68) 30(82) 56(99) 29(106) 22(130) 39(142) 40(147)
OuDoor #7: 24(111) 46(134) 47(140) 59(145) 10(151) 54(160) 17(166)
OuDoor #8: 11(72) 25(112) 13(134) 43(144) 57(152) 34(158) 2(166)
Cost 534618.39
DetCost 507913
Time 1453.71
InDoor #1: 53(1) 47(11) 3(19) 10(26) 25(37) 42(66) 57(75) 52(89)
InDoor #2: 24(4) 37(13) 36(24) 38(34) 1(60) 9(73) 46(79) 0(88) 21(95)
InDoor #3: 14(14) 11(20) 43(26) 26(35) 55(45) 33(64) 5(74) 32(88)
InDoor #4: 35(34) 40(46) 44(64) 56(73) 50(85) 27(94) 7(102) 8(120)
InDoor #5: 6(12) 22(27) 59(49) 58(58) 12(77) 2(85) 29(95) 16(103) 31(117)
InDoor #6: 18(3) 23(12) 13(24) 20(34) 48(42) 49(65) 41(90) 4(104)
InDoor #7: 28(30) 45(46) 15(61) 17(82) 34(98) 51(106)
InDoor #8: 54(22) 19(77) 30(99) 39(111)
OuDoor #1: 14(68) 8(78) 27(88) 9(95) 24(111) 35(149) 10(154) 44(163)
OuDoor #2: 58(61) 33(66) 11(72) 5(89) 56(101) 25(112) 19(144)
OuDoor #3: 45(93) 0(122) 23(142) 57(147) 17(153) 54(162) 34(168)
OuDoor #4: 4(50) 41(62) 26(71) 48(76) 30(82) 20(112) 13(141) 31(151)
OuDoor #5: 52(67) 32(76) 51(85) 21(104) 18(127) 47(137) 39(142) 7(147)
OuDoor #6: 28(65) 50(74) 42(106) 3(113) 12(123) 40(139) 53(147) 55(152) 2(160)
OuDoor #7: 1(68) 6(102) 38(125) 49(133) 43(143) 16(151)
OuDoor #8: 15(80) 29(106) 22(130) 46(139) 59(145) 37(151) 36(157)
Cost 535916.72
DetCost 511740
Time 1770.78
InDoor #1: 6(12) 36(24) 38(34) 45(46) 44(64) 19(77)
InDoor #2: 35(34) 48(42) 15(61) 57(75) 2(85) 30(99) 39(111)
InDoor #3: 3(9) 13(24) 25(37) 59(49) 58(58) 49(65) 5(74) 41(90) 51(106) 31(117)
InDoor #4: 10(9) 26(35) 40(46) 33(64) 9(73) 46(79) 32(88) 29(95) 4(104)
InDoor #5: 53(1) 47(11) 18(19) 43(28) 20(33) 55(44) 42(66) 12(77) 50(85) 27(94) 16(103)
InDoor #6: 28(30) 56(72) 0(86) 21(94) 7(102) 8(120)
InDoor #7: 37(7) 23(17) 22(27) 1(60) 17(82) 34(98)
InDoor #8: 24(4) 14(14) 54(22) 11(30) 52(89)
OuDoor #1: 1(68) 30(82) 49(136) 40(146) 10(154)
OuDoor #2: 4(50) 33(61) 52(67) 48(76) 51(85) 21(104) 22(130) 59(145)
OuDoor #3: 41(63) 32(74) 15(80) 45(93) 29(106) 18(127) 46(137) 43(143) 16(151)
OuDoor #4: 58(63) 26(69) 50(74) 9(95) 56(101) 3(113) 12(123) 13(137) 7(147)
OuDoor #5: 28(64) 11(72) 27(88) 20(112) 38(125) 39(143) 55(148) 36(156)
OuDoor #6: 8(78) 5(89) 42(106) 24(111) 0(122) 23(139) 19(144)
OuDoor #7: 14(69) 6(102) 25(112) 47(137) 57(142) 31(148) 2(158) 44(165)
OuDoor #8: 35(144) 53(149) 34(154) 54(162) 17(168) 37(177)
Cost 531970.13
DetCost 507526
Time 646.05
InDoor #1: 37(7) 38(33) 56(72) 50(85) 21(94) 7(102)
InDoor #2: 24(4) 11(13) 36(24) 46(79) 41(90) 39(111)
InDoor #3: 53(1) 23(11) 14(18) 47(24) 28(32) 25(39) 59(49) 42(66) 17(82) 29(95) 16(103)
InDoor #4: 54(22) 26(35) 40(46) 1(60) 9(73) 0(86) 27(93) 4(104) 31(117)
InDoor #5: 35(34) 48(42) 33(64) 57(75) 2(85) 34(98) 51(106) 8(120)
InDoor #6: 10(9) 13(24) 55(44) 58(58) 5(74) 32(88) 30(99)
InDoor #7: 18(3) 6(12) 3(22) 20(31) 45(46) 44(64) 19(77) 52(89)
InDoor #8: 43(24) 22(29) 15(61) 49(68) 12(77)
OuDoor #1: 50(74) 3(113) 0(122) 34(136) 43(144) 35(152) 17(157) 2(166)
OuDoor #2: 33(67) 8(78) 18(127) 49(136) 40(147)
OuDoor #3: 58(63) 14(69) 27(88) 6(102) 38(125) 46(136) 10(142) 16(151)
OuDoor #4: 41(62) 26(71) 5(89) 56(99) 42(106) 20(112) 12(123) 47(137) 19(142) 55(152)
OuDoor #5: 4(50) 52(68) 9(95) 21(102) 24(111) 22(130) 39(138) 53(143) 44(148) 57(156)
OuDoor #6: 28(65) 32(76) 45(93) 29(106) 23(140) 59(145) 31(151)
OuDoor #7: 1(68) 48(76) 30(82) 25(112) 37(139) 7(145) 54(153) 36(159)
OuDoor #8: 11(71) 15(79) 51(85) 13(141)
Cost 535786.30
DetCost 508713
Time 313.83
InDoor #1: 18(3) 54(22) 43(30) 5(74) 2(85) 16(103)
InDoor #2: 3(9) 23(16) 47(23) 28(31) 55(44) 58(58) 56(72) 19(81) 41(90)
InDoor #3: 20(31) 26(36) 45(46) 44(64) 46(79) 32(88) 29(95) 7(103) 8(120)
InDoor #4: 59(49) 49(65) 57(75) 50(85) 27(94) 4(104) 31(117)
InDoor #5: 36(24) 48(42) 1(60) 12(77) 0(86) 21(94) 39(111)
InDoor #6: 6(12) 13(24) 25(37) 40(46) 42(66) 9(75) 17(82) 34(98) 51(106)
InDoor #7: 37(7) 10(17) 22(27) 38(34) 15(61) 52(89)
InDoor #8: 53(1) 11(11) 14(17) 24(23) 35(34) 33(64) 30(99)
OuDoor #1: 11(72) 21(104) 12(123) 47(140) 59(145) 31(151)
OuDoor #2: 41(63) 32(76) 29(106) 0(122) 39(142) 7(147)
OuDoor #3: 1(68) 48(76) 30(82) 56(101) 3(113) 13(141) 2(151) 36(158)
OuDoor #4: 33(67) 50(74) 51(85) 9(95) 20(112) 18(125) 49(134) 19(144)
OuDoor #5: 58(63) 52(68) 45(93) 42(106) 24(111) 38(125) 22(130) 40(139) 53(147) 55(152)
OuDoor #6: 28(65) 8(78) 27(88) 6(102) 16(138) 43(145)
OuDoor #7: 26(71) 15(80) 25(112) 46(138) 57(144) 23(150) 35(155) 34(160) 17(168) 37(177)
OuDoor #8: 4(50) 14(69) 5(89) 44(140) 54(148) 10(154)
Cost 534764.33
DetCost 506729
Time 1169.14
