InDoor #1: 15(41) 29(55) 6(92) 28(130) 4(214)
InDoor #2: 34(38) 22(47) 2(75) 31(97) 30(169) 13(244)
InDoor #3: 27(3) 32(38) 26(125) 20(151) 12(167) 0(246)
InDoor #4: 17(172) 16(203) 18(243) 3(319) 19(326) 11(350)
InDoor #5: 25(27) 23(105) 21(112) 14(164) 10(299) 7(342)
InDoor #6: 24(24) 5(33) 33(154) 8(260) 9(333) 1(340)
OuDoor #1: 2(57) 33(69) 21(122) 5(132) 7(143) 19(232)
OuDoor #2: 29(40) 31(116) 14(146) 8(267) 30(272) 34(340)
OuDoor #3: 12(143) 27(161) 18(181) 10(191) 9(298) 25(374)
OuDoor #4: 3(197) 24(226) 20(358) 17(368) 26(378)
OuDoor #5: 32(73) 28(92) 13(157) 0(275) 15(282) 16(291)
OuDoor #6: 11(221) 22(230) 23(239) 1(245) 4(264) 6(277)
Cost 88531.65
DetCost 88506
Time 1788.38
InDoor #1: 27(3) 15(41) 23(105) 26(125) 17(172)
InDoor #2: 34(38) 22(47) 21(94) 31(102) 28(130) 14(164)
InDoor #3: 29(55) 6(92) 12(167) 16(203) 8(260) 19(317) 3(326)
InDoor #4: 32(38) 33(154) 30(169) 4(214) 18(243)
InDoor #5: 25(27) 20(151) 0(246) 10(299) 9(333) 11(350)
InDoor #6: 24(24) 5(33) 2(75) 13(244) 1(340) 7(348)
OuDoor #1: 2(57) 28(92) 12(143) 13(151) 26(376)
OuDoor #2: 29(40) 32(73) 14(146) 3(200) 20(340) 34(345)
OuDoor #3: 33(69) 31(108) 5(118) 21(127) 7(143) 18(181) 6(277)
OuDoor #4: 10(190) 11(215) 22(224) 19(233) 8(270)
OuDoor #5: 27(161) 1(247) 4(257) 30(267) 0(284) 16(291) 25(371)
OuDoor #6: 23(229) 24(235) 9(283) 15(292) 17(383)
Cost 88532.24
DetCost 88507
Time 1234.42
InDoor #1: 27(3) 5(14) 32(38) 34(44) 21(94)
InDoor #2: 29(55) 28(130) 12(167) 17(173) 0(246) 7(342)
InDoor #3: 15(41) 23(105) 26(125) 30(169) 16(203) 9(333)
InDoor #4: 31(97) 20(151) 33(156) 14(164) 3(319) 1(340)
InDoor #5: 24(24) 25(33) 22(47) 2(75) 4(214) 13(244) 10(299)
InDoor #6: 6(92) 18(243) 8(260) 19(317) 11(350)
OuDoor #1: 31(116) 21(126) 7(143) 4(260) 30(270)
OuDoor #2: 33(69) 18(181) 10(191) 3(201) 0(285) 15(292)
OuDoor #3: 29(40) 2(57) 14(146) 22(223) 24(232) 34(340)
OuDoor #4: 32(73) 5(132) 12(143) 13(153) 27(161) 17(383)
OuDoor #5: 19(231) 11(239) 1(248) 23(260) 9(282) 16(291)
OuDoor #6: 28(92) 8(270) 6(277) 20(362) 26(368) 25(375)
Cost 88330.98
DetCost 88517
Time 1716.51
InDoor #1: 15(41) 31(97) 18(243) 19(317) 7(342)
InDoor #2: 26(125) 12(167) 4(214) 0(246) 8(260) 3(319)
InDoor #3: 32(38) 28(130) 33(154) 14(164) 17(172) 16(203)
InDoor #4: 5(14) 25(27) 29(55) 2(75) 30(169) 1(340)
InDoor #5: 27(3) 34(38) 6(92) 21(102) 23(110) 20(151) 11(350)
InDoor #6: 24(24) 22(47) 13(244) 10(299) 9(333)
OuDoor #1: 2(57) 7(143) 10(195) 3(205) 30(270)
OuDoor #2: 14(146) 18(181) 11(242) 8(270) 6(277) 26(374)
OuDoor #3: 33(69) 28(92) 12(143) 13(153) 22(230) 23(248)
OuDoor #4: 31(116) 5(126) 19(234) 4(264) 0(295) 25(374)
OuDoor #5: 21(127) 27(161) 24(232) 1(248) 20(362) 17(383)
OuDoor #6: 29(40) 32(73) 16(288) 15(297) 9(310) 34(340)
Cost 88518.33
DetCost 88533
Time 1777.90
InDoor #1: 24(24) 15(41) 22(48) 20(151) 0(246)
InDoor #2: 32(38) 21(94) 18(243) 8(260) 10(299) 7(342)
InDoor #3: 25(27) 29(55) 2(75) 26(125) 30(169) 11(350)
InDoor #4: 12(167) 17(173) 16(203) 4(214) 19(317) 3(326)
InDoor #5: 27(3) 6(92) 31(102) 28(130) 14(164) 13(244) 9(333)
InDoor #6: 5(14) 34(38) 23(105) 33(154) 1(340)
OuDoor #1: 2(57) 28(92) 4(257) 30(267) 16(291)
OuDoor #2: 29(40) 32(73) 31(116) 21(129) 6(277) 0(295)
OuDoor #3: 33(69) 5(132) 12(143) 13(153) 19(233) 25(371) 17(381)
OuDoor #4: 7(143) 18(181) 10(191) 3(201) 9(298)
OuDoor #5: 14(146) 11(220) 24(229) 1(248) 8(270) 26(373)
OuDoor #6: 27(155) 23(224) 22(230) 15(292) 34(340) 20(362)
Cost 88579.59
DetCost 88493
Time 1693.08
InDoor #1: 24(24) 15(41) 26(125) 20(151) 30(169)
InDoor #2: 27(3) 25(27) 34(38) 22(47) 31(97) 16(203) 9(333)
InDoor #3: 29(55) 23(105) 28(130) 33(154) 18(243)
InDoor #4: 32(38) 2(75) 21(94) 17(172) 10(299) 1(340) 11(350)
InDoor #5: 5(14) 14(164) 0(246) 19(317) 7(342)
InDoor #6: 6(92) 12(167) 4(214) 13(244) 8(260) 3(319)
OuDoor #1: 2(57) 32(73) 12(143) 27(161) 10(190)
OuDoor #2: 29(40) 22(223) 24(232) 4(264) 34(340) 17(383)
OuDoor #3: 33(69) 31(112) 21(122) 5(132) 7(143) 13(156)
OuDoor #4: 14(146) 3(197) 16(284) 0(293) 15(300) 9(310)
OuDoor #5: 28(92) 8(267) 30(272) 20(362) 26(370) 25(377)
OuDoor #6: 18(181) 19(231) 11(239) 1(248) 23(260) 6(277)
Cost 88253.35
DetCost 88539
Time 1708.49
InDoor #1: 15(41) 2(75) 17(172) 19(317) 9(333)
InDoor #2: 27(3) 32(38) 12(167) 30(173) 0(246) 13(253)
InDoor #3: 34(38) 31(97) 28(130) 14(164) 18(243) 8(260)
InDoor #4: 24(24) 5(33) 29(55) 26(125) 20(151) 10(299)
InDoor #5: 25(27) 6(92) 16(203) 4(214) 3(319) 7(342)
InDoor #6: 22(47) 21(94) 23(105) 33(154) 1(340) 11(350)
OuDoor #1: 2(57) 28(92) 3(197) 11(239) 23(248)
OuDoor #2: 29(40) 18(181) 10(193) 30(267) 26(376) 17(383)
OuDoor #3: 33(69) 14(146) 22(230) 6(277) 0(287) 16(294)
OuDoor #4: 12(143) 13(151) 27(161) 1(248) 34(340) 20(362)
OuDoor #5: 32(73) 31(111) 21(122) 5(132) 7(143) 24(226) 9(298)
OuDoor #6: 19(233) 4(260) 8(270) 15(292) 25(371)
Cost 88530.67
DetCost 88496
Time 1085.02
InDoor #1: 27(3) 32(38) 6(92) 21(102) 23(110)
InDoor #2: 15(41) 26(125) 33(154) 14(164) 4(214) 18(243)
InDoor #3: 20(151) 8(260) 10(299) 19(317) 1(340) 7(348)
InDoor #4: 5(14) 25(27) 29(55) 2(75) 30(169) 0(246)
InDoor #5: 24(24) 34(38) 22(47) 31(97) 28(130) 16(203)
InDoor #6: 12(167) 17(173) 13(244) 3(319) 9(333) 11(350)
OuDoor #1: 7(143) 13(157) 10(195) 22(231) 17(383)
OuDoor #2: 2(57) 28(69) 32(78) 5(132) 12(143) 19(232)
OuDoor #3: 21(127) 14(146) 27(161) 8(270) 6(277) 34(340)
OuDoor #4: 33(69) 24(229) 11(238) 1(248) 23(260) 30(267)
OuDoor #5: 29(40) 31(116) 0(267) 15(274) 9(283) 16(292)
OuDoor #6: 18(181) 3(198) 4(264) 20(362) 26(368) 25(377)
Cost 88331.71
DetCost 88526
Time 1725.20
InDoor #1: 5(14) 25(27) 15(41) 2(75) 21(94)
InDoor #2: 34(38) 29(55) 23(105) 28(130) 14(164) 16(203) 3(319)
InDoor #3: 24(24) 32(38) 17(172) 18(243) 9(333) 11(350)
InDoor #4: 26(125) 20(151) 33(156) 4(214) 13(244)
InDoor #5: 22(47) 31(97) 12(167) 30(173) 0(246) 7(342)
InDoor #6: 27(3) 6(92) 8(260) 10(299) 19(317) 1(340)
OuDoor #1: 29(41) 2(57) 28(92) 21(127) 15(286) 0(295)
OuDoor #2: 33(69) 14(146) 24(226) 16(289) 9(298)
OuDoor #3: 32(73) 31(116) 7(143) 3(197) 19(233) 25(371)
OuDoor #4: 5(132) 12(143) 13(153) 27(161) 4(260) 30(270)
OuDoor #5: 18(181) 10(193) 22(229) 11(238) 1(248) 23(260) 17(383)
OuDoor #6: 8(270) 6(277) 34(340) 20(362) 26(374)
Cost 88286.85
DetCost 88509
Time 741.22
InDoor #1: 15(41) 2(75) 21(94) 23(105) 14(164)
InDoor #2: 28(130) 12(167) 17(173) 4(214) 18(243) 11(350)
InDoor #3: 25(27) 34(38) 33(154) 16(203) 19(317) 9(333)
InDoor #4: 27(3) 5(14) 32(38) 29(55) 22(63) 31(97) 20(151)
InDoor #5: 26(125) 0(246) 8(260) 10(299) 7(342)
InDoor #6: 24(24) 6(92) 30(169) 13(244) 3(319) 1(340)
OuDoor #1: 29(40) 2(57) 34(340) 20(362) 25(374)
OuDoor #2: 32(73) 14(146) 18(181) 3(198) 19(232) 4(264)
OuDoor #3: 33(69) 31(108) 5(118) 21(127) 24(226) 8(270)
OuDoor #4: 28(92) 7(143) 13(153) 27(161) 30(270) 26(373)
OuDoor #5: 12(143) 22(227) 11(236) 1(248) 23(260) 6(277) 17(383)
OuDoor #6: 10(192) 0(267) 9(274) 16(283) 15(292)
Cost 88304.24
DetCost 88509
Time 1284.44
