InDoor #1: 7(6) 8(11) 12(20) 0(26) 4(33) 26(42) 23(52) 24(59) 13(68)
InDoor #2: 2(5) 15(13) 22(20) 9(27) 18(32) 14(41) 27(47) 19(55) 10(64) 21(74)
InDoor #3: 1(4) 16(12) 17(20) 3(30) 25(37) 20(46) 11(51) 6(57) 5(67)
OuDoor #1: 5(37) 2(45) 25(53) 8(63) 27(73) 24(78) 3(88) 13(97) 15(107)
OuDoor #2: 22(42) 26(51) 14(59) 17(68) 6(78) 20(85) 16(93) 11(102) 23(112)
OuDoor #3: 18(39) 19(48) 1(56) 4(64) 0(70) 7(77) 12(84) 9(93) 21(103) 10(109)
Cost 121351.14
DetCost 114265
Time 1660.37
InDoor #1: 1(4) 8(12) 22(21) 9(28) 26(33) 14(43) 11(49) 19(55) 10(64)
InDoor #2: 2(5) 15(13) 17(20) 18(30) 20(39) 25(44) 23(53) 6(60) 13(70)
InDoor #3: 7(6) 16(11) 12(19) 0(25) 3(32) 4(39) 27(48) 24(56) 5(65) 21(73)
OuDoor #1: 5(36) 22(44) 25(53) 4(63) 0(69) 6(76) 3(83) 9(92) 11(102)
OuDoor #2: 18(39) 19(48) 1(56) 14(64) 7(73) 24(80) 20(90) 16(98) 15(107) 23(112)
OuDoor #3: 2(43) 26(51) 8(59) 27(69) 17(74) 12(84) 13(93) 21(103) 10(109)
Cost 122576.13
DetCost 112521
Time 580.59
InDoor #1: 1(4) 7(12) 15(17) 0(24) 3(31) 25(38) 6(47) 19(57) 10(66)
InDoor #2: 2(5) 8(13) 22(22) 9(29) 4(34) 20(43) 11(48) 27(54) 24(62) 13(71)
InDoor #3: 16(7) 12(15) 17(21) 18(31) 14(40) 26(46) 23(56) 5(63) 21(71)
OuDoor #1: 5(37) 2(45) 25(53) 4(63) 14(69) 6(78) 12(85) 20(94) 11(102) 23(112)
OuDoor #2: 22(39) 19(48) 1(56) 17(64) 27(74) 24(79) 3(89) 16(98) 15(107)
OuDoor #3: 18(42) 26(51) 8(59) 0(69) 7(76) 9(83) 13(93) 21(103) 10(109)
Cost 122849.30
DetCost 115639
Time 809.23
InDoor #1: 2(5) 25(13) 22(22) 9(29) 26(34) 20(44) 11(49) 6(55) 10(65)
InDoor #2: 7(6) 8(11) 12(20) 0(26) 3(33) 14(40) 19(46) 27(55) 5(63) 21(71)
InDoor #3: 1(4) 16(12) 15(20) 17(27) 18(37) 4(46) 23(55) 24(62) 13(71)
OuDoor #1: 19(35) 22(43) 2(52) 25(60) 0(70) 6(77) 12(84) 13(93) 21(103) 10(109)
OuDoor #2: 5(41) 26(49) 8(57) 4(67) 27(73) 7(78) 3(85) 20(94) 11(102)
OuDoor #3: 18(42) 1(51) 14(59) 17(68) 24(78) 9(88) 16(98) 15(107) 23(112)
Cost 122046.16
DetCost 113694
Time 1601.11
InDoor #1: 2(5) 12(13) 17(19) 3(29) 25(36) 20(45) 11(50) 24(56) 10(65)
InDoor #2: 7(6) 16(11) 15(19) 0(26) 18(33) 14(42) 27(48) 19(56) 5(65) 21(73)
InDoor #3: 1(4) 8(12) 22(21) 9(28) 4(33) 26(42) 23(52) 6(59) 13(69)
OuDoor #1: 18(39) 19(48) 1(56) 4(64) 0(70) 7(77) 3(84) 13(93) 21(103) 10(109)
OuDoor #2: 5(35) 2(43) 26(51) 14(59) 17(68) 24(78) 9(88) 16(98) 15(107) 23(112)
OuDoor #3: 22(44) 25(53) 8(63) 27(73) 6(78) 12(85) 20(94) 11(102)
Cost 121389.74
DetCost 111628
Time 1398.29
InDoor #1: 1(4) 8(12) 22(21) 9(28) 3(33) 19(40) 27(49) 0(57) 10(64)
InDoor #2: 7(6) 16(11) 12(19) 18(25) 26(34) 11(44) 14(50) 6(56) 24(66) 21(75)
InDoor #3: 2(5) 25(13) 15(22) 17(29) 20(39) 4(44) 23(53) 5(60) 13(68)
OuDoor #1: 2(39) 26(47) 14(55) 18(64) 17(73) 12(83) 9(92) 11(102) 23(112)
OuDoor #2: 19(39) 22(47) 1(56) 0(64) 7(71) 6(78) 3(85) 16(94) 21(103) 10(109)
OuDoor #3: 5(40) 8(48) 25(58) 4(68) 27(74) 24(79) 20(89) 13(97) 15(107)
Cost 123532.40
DetCost 114393
Time 1627.54
InDoor #1: 7(6) 16(11) 12(19) 0(25) 26(32) 19(42) 6(51) 4(61) 21(70)
InDoor #2: 2(5) 15(13) 22(20) 3(27) 9(34) 20(39) 14(44) 5(50) 23(58) 10(65)
InDoor #3: 1(4) 8(12) 17(21) 18(31) 25(40) 11(49) 27(55) 24(63) 13(72)
OuDoor #1: 18(35) 2(44) 8(52) 25(62) 14(72) 7(81) 12(88) 13(97) 15(107)
OuDoor #2: 22(39) 19(48) 1(56) 27(64) 4(69) 24(75) 3(85) 20(94) 11(102) 23(112)
OuDoor #3: 5(43) 26(51) 17(60) 0(70) 6(77) 9(84) 16(94) 21(103) 10(109)
Cost 123421.39
DetCost 113374
Time 1420.69
InDoor #1: 7(6) 16(11) 17(19) 3(29) 25(36) 11(45) 14(51) 23(57) 5(64) 27(72)
InDoor #2: 1(4) 8(12) 12(21) 0(27) 4(34) 19(43) 21(52) 24(60) 13(69)
InDoor #3: 2(5) 15(13) 22(20) 9(27) 18(32) 20(41) 26(46) 6(56) 10(66)
OuDoor #1: 18(39) 19(48) 8(57) 4(67) 27(73) 24(78) 9(88) 16(98) 15(107)
OuDoor #2: 5(35) 2(43) 26(51) 14(59) 17(68) 7(78) 12(85) 20(94) 11(102) 23(112)
OuDoor #3: 22(43) 1(52) 25(60) 0(70) 6(77) 3(84) 13(93) 21(103) 10(109)
Cost 122630.18
DetCost 112858
Time 836.56
InDoor #1: 1(4) 8(12) 15(21) 0(28) 25(35) 19(44) 4(53) 24(62) 13(71)
InDoor #2: 7(6) 16(11) 17(19) 3(29) 23(36) 20(43) 26(48) 10(58) 5(68)
InDoor #3: 2(5) 12(13) 22(19) 9(26) 18(31) 14(40) 11(46) 27(52) 6(60) 21(70)
OuDoor #1: 25(44) 8(54) 4(64) 0(70) 7(77) 3(84) 16(93) 11(102) 23(112)
OuDoor #2: 22(39) 19(48) 5(56) 17(64) 27(74) 24(79) 20(89) 13(97) 15(107)
OuDoor #3: 2(35) 1(43) 26(51) 14(59) 18(68) 6(77) 12(84) 9(93) 21(103) 10(109)
Cost 122893.81
DetCost 108744
Time 276.17
InDoor #1: 1(4) 8(12) 22(21) 3(28) 26(35) 20(45) 21(50) 23(58) 10(65)
InDoor #2: 2(5) 12(13) 17(19) 9(29) 4(34) 19(43) 6(52) 24(62) 13(71)
InDoor #3: 7(6) 16(11) 15(19) 18(26) 25(35) 14(44) 11(50) 0(56) 5(63) 27(71)
OuDoor #1: 2(40) 19(48) 1(56) 27(64) 4(69) 24(75) 14(85) 20(94) 11(102)
OuDoor #2: 22(42) 26(51) 17(59) 0(69) 6(76) 9(83) 13(93) 21(103) 10(109)
OuDoor #3: 5(36) 18(44) 25(53) 8(63) 7(73) 12(80) 3(89) 16(98) 15(107) 23(112)
Cost 122514.58
DetCost 115740
Time 1769.43
