InDoor #1: 19(17) 18(93) 10(174)
InDoor #2: 17(97) 13(144) 11(175)
InDoor #3: 29(5) 2(100) 8(135) 5(164) 6(192)
InDoor #4: 12(92) 25(127) 27(153)
InDoor #5: 4(89) 16(103) 24(124) 21(169)
InDoor #6: 15(91) 26(125) 20(151) 28(180)
InDoor #7: 1(15) 14(23) 22(72) 23(80)
InDoor #8: 7(42) 3(69) 9(208) 0(221)
OuDoor #1: 23(128) 4(192) 17(260)
OuDoor #2: 20(117) 22(157) 15(215) 12(263)
OuDoor #3: 18(120) 3(153) 1(210)
OuDoor #4: 2(123) 8(145) 10(155) 5(258)
OuDoor #5: 27(61) 0(106) 13(126) 16(146) 7(183)
OuDoor #6: 9(97) 26(133) 6(201) 24(249)
OuDoor #7: 21(233) 29(253) 14(262)
OuDoor #8: 25(55) 19(62) 28(225) 11(236)
Cost 201386.09
DetCost 198488
Time 1477.80
InDoor #1: 14(14) 19(20) 22(72)
InDoor #2: 29(5) 3(69) 23(80) 0(221)
InDoor #3: 4(89) 8(135) 9(208)
InDoor #4: 15(91) 16(103) 26(125) 13(144)
InDoor #5: 12(92) 25(127) 21(169) 28(180)
InDoor #6: 2(100) 24(124) 27(153) 11(175)
InDoor #7: 7(42) 17(97) 20(151) 10(174) 6(192)
InDoor #8: 1(15) 18(93) 5(164)
OuDoor #1: 24(245) 12(253) 14(262)
OuDoor #2: 9(95) 10(155) 11(236)
OuDoor #3: 25(59) 0(106) 3(153) 21(233)
OuDoor #4: 13(126) 16(146) 22(157) 5(258)
OuDoor #5: 2(123) 8(145) 7(183) 6(201)
OuDoor #6: 18(120) 26(128) 1(207) 15(216)
OuDoor #7: 19(62) 20(117) 23(128) 4(192) 28(233)
OuDoor #8: 27(61) 29(251) 17(260)
Cost 201241.98
DetCost 198827
Time 1774.07
InDoor #1: 14(14) 22(72) 4(89)
InDoor #2: 19(17) 15(91) 21(169)
InDoor #3: 12(92) 2(100) 26(125)
InDoor #4: 29(5) 17(97) 8(135) 28(180)
InDoor #5: 7(42) 3(69) 18(93) 25(127) 13(144) 11(175)
InDoor #6: 23(80) 16(103) 24(124) 10(174)
InDoor #7: 27(153) 5(164) 0(221)
InDoor #8: 1(15) 20(151) 6(192) 9(208)
OuDoor #1: 27(61) 12(253) 14(262)
OuDoor #2: 7(183) 1(216) 29(259)
OuDoor #3: 25(57) 0(106) 23(128) 16(146) 10(155)
OuDoor #4: 20(117) 3(153) 6(201)
OuDoor #5: 19(62) 9(96) 18(120) 8(145) 22(157)
OuDoor #6: 13(126) 26(131) 4(192)
OuDoor #7: 2(123) 28(227) 11(236) 17(260)
OuDoor #8: 15(216) 21(233) 5(242) 24(249)
Cost 201502.11
DetCost 198496
Time 999.51
InDoor #1: 3(69) 16(103) 20(151)
InDoor #2: 23(80) 15(91) 6(192)
InDoor #3: 1(15) 12(92) 11(175) 0(221)
InDoor #4: 4(89) 2(100) 10(174) 9(208)
InDoor #5: 17(97) 24(124) 27(153) 21(169)
InDoor #6: 22(72) 18(93) 25(127) 13(144)
InDoor #7: 29(5) 14(14) 19(20) 7(42) 8(135)
InDoor #8: 26(125) 5(164) 28(180)
OuDoor #1: 9(96) 13(126) 1(212)
OuDoor #2: 27(61) 2(123) 21(233)
OuDoor #3: 0(106) 26(128) 28(227) 11(236)
OuDoor #4: 18(120) 4(192) 15(216) 12(263)
OuDoor #5: 20(117) 23(128) 17(254) 14(262)
OuDoor #6: 8(145) 22(157) 5(252) 29(259)
OuDoor #7: 25(55) 19(62) 3(153) 24(249)
OuDoor #8: 16(146) 10(155) 7(181) 6(201)
Cost 201581.93
DetCost 198749
Time 1592.82
InDoor #1: 19(17) 4(89) 20(151)
InDoor #2: 7(42) 2(100) 11(175)
InDoor #3: 3(69) 17(97) 10(174) 6(192)
InDoor #4: 1(15) 23(80) 18(93) 8(135)
InDoor #5: 12(92) 26(125) 13(144) 5(164)
InDoor #6: 15(91) 16(103) 25(127) 28(180)
InDoor #7: 24(124) 21(169) 9(208) 0(221)
InDoor #8: 29(5) 14(14) 22(72) 27(153)
OuDoor #1: 29(246) 12(255) 17(264)
OuDoor #2: 19(62) 1(207) 15(216)
OuDoor #3: 27(61) 20(117) 10(155) 4(192)
OuDoor #4: 9(95) 18(120) 23(128) 3(153)
OuDoor #5: 0(106) 2(123) 16(146) 22(157)
OuDoor #6: 25(59) 13(126) 26(131) 8(145) 6(201)
OuDoor #7: 7(183) 28(225) 11(236)
OuDoor #8: 21(233) 14(246) 5(255) 24(262)
Cost 201592.53
DetCost 198239
Time 1628.41
InDoor #1: 22(72) 28(180) 6(192)
InDoor #2: 29(5) 18(93) 5(164)
InDoor #3: 17(97) 24(124) 21(169) 9(208)
InDoor #4: 14(14) 1(20) 2(100) 25(127)
InDoor #5: 7(42) 12(92) 16(103) 26(125)
InDoor #6: 23(80) 15(91) 8(135) 0(221)
InDoor #7: 19(17) 4(89) 13(144) 10(174)
InDoor #8: 3(69) 20(151) 27(156) 11(175)
OuDoor #1: 6(201) 17(255) 12(263)
OuDoor #2: 25(58) 23(128) 1(214)
OuDoor #3: 20(117) 26(126) 15(216) 14(262)
OuDoor #4: 18(120) 8(145) 28(227) 21(233)
OuDoor #5: 19(62) 13(126) 16(146) 10(155)
OuDoor #6: 0(106) 2(123) 3(153) 11(236)
OuDoor #7: 9(96) 22(157) 7(182) 4(192) 5(258)
OuDoor #8: 27(61) 24(249) 29(259)
Cost 201315.99
DetCost 198489
Time 1783.98
InDoor #1: 19(17) 3(69) 15(91)
InDoor #2: 23(80) 12(92) 5(164) 9(208)
InDoor #3: 18(93) 21(169) 28(180)
InDoor #4: 17(97) 26(125) 13(144) 6(192)
InDoor #5: 1(15) 22(72) 2(100) 8(135) 27(153)
InDoor #6: 29(5) 16(103) 25(127) 20(151)
InDoor #7: 7(42) 4(89) 24(124) 11(175)
InDoor #8: 14(14) 10(174) 0(221)
OuDoor #1: 26(131) 28(227) 11(233)
OuDoor #2: 9(95) 0(106) 1(218)
OuDoor #3: 18(120) 6(201) 29(253) 14(262)
OuDoor #4: 20(117) 16(146) 22(157) 15(213)
OuDoor #5: 25(57) 27(62) 2(123) 3(153)
OuDoor #6: 13(126) 8(145) 10(155) 12(263)
OuDoor #7: 19(62) 23(128) 7(183) 21(233)
OuDoor #8: 4(192) 5(240) 17(247) 24(255)
Cost 201789.41
DetCost 198234
Time 537.49
InDoor #1: 7(42) 11(175) 9(208)
InDoor #2: 3(69) 28(180) 6(192)
InDoor #3: 15(91) 16(103) 10(174) 0(221)
InDoor #4: 22(72) 12(92) 24(124) 21(169)
InDoor #5: 4(89) 2(100) 25(127) 13(144) 27(154)
InDoor #6: 17(97) 8(135) 20(151) 5(164)
InDoor #7: 1(15) 18(93) 26(125)
InDoor #8: 29(5) 19(17) 14(26) 23(80)
OuDoor #1: 15(216) 28(226) 29(259)
OuDoor #2: 19(62) 6(201) 21(233)
OuDoor #3: 0(106) 13(126) 4(192) 11(223)
OuDoor #4: 9(97) 2(123) 7(183) 1(212)
OuDoor #5: 18(120) 23(128) 8(145) 22(157)
OuDoor #6: 27(59) 25(68) 20(117) 3(153)
OuDoor #7: 16(146) 10(155) 24(248) 5(256) 14(263)
OuDoor #8: 26(128) 12(251) 17(260)
Cost 201747.17
DetCost 198488
Time 1386.27
InDoor #1: 16(103) 20(151) 5(164)
InDoor #2: 12(92) 10(174) 9(208)
InDoor #3: 3(69) 23(80) 2(100) 11(175)
InDoor #4: 1(15) 7(42) 22(72) 17(97)
InDoor #5: 18(93) 26(125) 27(153) 0(221)
InDoor #6: 19(17) 14(26) 15(91) 8(135)
InDoor #7: 4(89) 25(127) 13(144) 6(192)
InDoor #8: 29(5) 24(124) 21(169) 28(180)
OuDoor #1: 27(58) 25(67) 13(126) 26(131)
OuDoor #2: 2(123) 4(192) 1(218)
OuDoor #3: 18(120) 23(128) 7(183)
OuDoor #4: 19(62) 9(96) 20(117) 21(233)
OuDoor #5: 16(146) 10(155) 28(230) 11(236)
OuDoor #6: 3(153) 5(242) 24(249) 14(257)
OuDoor #7: 0(106) 8(145) 22(157) 15(214)
OuDoor #8: 6(201) 29(246) 17(255) 12(263)
Cost 201236.17
DetCost 198845
Time 1745.85
InDoor #1: 14(14) 7(42) 0(221)
InDoor #2: 19(17) 3(69) 23(80)
InDoor #3: 1(15) 15(91) 16(103) 24(124) 20(151)
InDoor #4: 12(92) 25(127) 6(192)
InDoor #5: 4(89) 2(100) 26(125) 5(164) 9(208)
InDoor #6: 17(97) 8(135) 21(169) 28(180)
InDoor #7: 18(93) 13(144) 27(154) 11(175)
InDoor #8: 29(5) 22(72) 10(174)
OuDoor #1: 19(62) 28(230) 11(236)
OuDoor #2: 25(56) 2(123) 21(233)
OuDoor #3: 9(96) 13(126) 24(249) 5(257)
OuDoor #4: 27(61) 0(106) 23(128) 8(145)
OuDoor #5: 18(120) 16(146) 10(155) 15(216)
OuDoor #6: 20(117) 3(153) 7(183) 6(201) 17(260)
OuDoor #7: 26(125) 22(157) 1(213)
OuDoor #8: 4(192) 29(244) 12(255) 14(264)
Cost 201406.30
DetCost 198491
Time 1259.24
