InDoor #1: 12(92) 2(100) 10(174)
InDoor #2: 3(69) 4(89) 11(175) 6(192)
InDoor #3: 7(42) 13(144) 5(164) 9(208)
InDoor #4: 1(15) 14(23) 8(135) 0(221)
OuDoor #1: 0(107) 2(114) 13(124) 7(184)
OuDoor #2: 9(88) 4(187) 6(206)
OuDoor #3: 3(157) 1(220) 12(252) 5(260)
OuDoor #4: 8(133) 10(152) 11(232) 14(263)
Cost 50558.01
DetCost 50220
Time 1233.92
InDoor #1: 2(100) 5(164) 6(192)
InDoor #2: 3(69) 12(92) 11(175) 9(208)
InDoor #3: 4(89) 8(135) 10(174) 0(221)
InDoor #4: 14(14) 1(20) 7(42) 13(144)
OuDoor #1: 2(114) 13(124) 6(206)
OuDoor #2: 9(88) 0(107) 4(187) 1(220)
OuDoor #3: 10(152) 7(184) 11(232) 12(252) 5(260)
OuDoor #4: 8(133) 3(157) 14(263)
Cost 50542.02
DetCost 50220
Time 1428.19
InDoor #1: 14(14) 7(42) 8(135)
InDoor #2: 3(69) 2(100) 13(144) 5(164)
InDoor #3: 1(15) 12(92) 11(175) 9(208)
InDoor #4: 4(89) 10(174) 6(192) 0(221)
OuDoor #1: 10(152) 12(252) 5(260)
OuDoor #2: 9(88) 2(114) 13(124) 3(157)
OuDoor #3: 0(107) 4(187) 1(220) 14(263)
OuDoor #4: 8(133) 7(184) 6(206) 11(232)
Cost 50542.02
DetCost 50220
Time 1620.09
InDoor #1: 12(92) 2(100) 6(192)
InDoor #2: 3(69) 4(89) 5(164) 9(208)
InDoor #3: 14(14) 8(135) 11(175) 0(221)
InDoor #4: 1(15) 7(42) 13(144) 10(174)
OuDoor #1: 0(107) 2(114) 13(124) 6(206)
OuDoor #2: 9(88) 8(133) 1(220)
OuDoor #3: 10(152) 4(187) 11(232) 5(260)
OuDoor #4: 3(157) 7(184) 12(255) 14(263)
Cost 50558.01
DetCost 50220
Time 1399.46
InDoor #1: 1(15) 13(144) 9(208)
InDoor #2: 2(100) 8(135) 5(164) 6(192) 0(221)
InDoor #3: 14(14) 12(92) 11(175)
InDoor #4: 7(42) 3(69) 4(89) 10(174)
OuDoor #1: 3(157) 1(220) 12(264)
OuDoor #2: 2(114) 13(124) 6(206) 11(232)
OuDoor #3: 0(107) 8(133) 10(152) 4(187)
OuDoor #4: 9(88) 7(184) 14(252) 5(260)
Cost 50548.40
DetCost 50220
Time 1647.17
InDoor #1: 1(15) 14(23) 6(192) 0(221)
InDoor #2: 4(89) 5(164) 9(208)
InDoor #3: 3(69) 12(92) 13(144) 11(175)
InDoor #4: 7(42) 2(100) 8(135) 10(174)
OuDoor #1: 8(133) 6(206) 11(232)
OuDoor #2: 1(220) 5(251) 14(256) 12(264)
OuDoor #3: 9(88) 0(107) 3(157) 4(187)
OuDoor #4: 2(114) 13(124) 10(152) 7(184)
Cost 50542.02
DetCost 50220
Time 551.89
InDoor #1: 8(135) 6(192) 0(221)
InDoor #2: 14(14) 13(144) 10(174) 9(208)
InDoor #3: 7(42) 12(92) 2(100) 11(175)
InDoor #4: 1(15) 3(69) 4(89) 5(164)
OuDoor #1: 8(133) 10(152) 6(206) 11(232)
OuDoor #2: 3(157) 7(184) 1(220)
OuDoor #3: 0(107) 2(114) 13(124) 4(187) 5(260)
OuDoor #4: 9(88) 12(255) 14(263)
Cost 50558.01
DetCost 50220
Time 1076.55
InDoor #1: 14(14) 1(20) 6(192)
InDoor #2: 3(69) 2(100) 5(164) 9(208)
InDoor #3: 12(92) 13(144) 11(175) 0(221)
InDoor #4: 7(42) 4(89) 8(135) 10(174)
OuDoor #1: 6(206) 12(252) 5(260)
OuDoor #2: 9(88) 2(114) 13(124) 1(220)
OuDoor #3: 0(107) 8(133) 3(157) 4(187) 11(232)
OuDoor #4: 10(152) 7(184) 14(263)
Cost 50542.02
DetCost 50220
Time 798.82
InDoor #1: 14(14) 1(20) 12(92) 2(100)
InDoor #2: 7(42) 4(89) 5(164) 6(192)
InDoor #3: 8(135) 11(175) 9(208)
InDoor #4: 3(69) 13(144) 10(174) 0(221)
OuDoor #1: 0(107) 2(114) 13(124) 5(260)
OuDoor #2: 8(133) 6(206) 14(263)
OuDoor #3: 10(152) 4(187) 1(220) 12(264)
OuDoor #4: 9(88) 3(157) 7(184) 11(232)
Cost 50558.01
DetCost 50220
Time 1252.54
InDoor #1: 1(15) 10(174) 9(208)
InDoor #2: 4(89) 11(175) 6(192) 0(221)
InDoor #3: 7(42) 12(92) 8(135) 5(164)
InDoor #4: 14(14) 3(69) 2(100) 13(144)
OuDoor #1: 8(133) 7(184) 1(220)
OuDoor #2: 4(187) 6(206) 11(232) 5(260)
OuDoor #3: 0(107) 10(152) 12(255) 14(263)
OuDoor #4: 9(88) 2(114) 13(124) 3(157)
Cost 50542.02
DetCost 50220
Time 607.29
