InDoor #1: 18(93) 42(186) 54(195) 41(330) 2(340) 49(365) 10(399)
InDoor #2: 29(5) 57(45) 30(69) 15(91) 16(103) 55(224) 12(317)
InDoor #3: 36(54) 38(93) 26(125) 46(199) 34(208) 23(305) 17(322)
InDoor #4: 27(153) 6(192) 52(239) 58(249) 50(265) 33(304) 8(360)
InDoor #5: 3(69) 13(144) 28(180) 45(196) 1(240) 47(250) 56(312) 48(372) 40(380)
InDoor #6: 24(124) 4(314) 37(367) 21(394) 11(402) 59(409) 44(424)
InDoor #7: 43(24) 39(111) 31(147) 20(156) 51(166) 22(297) 53(421) 0(446)
InDoor #8: 14(14) 19(20) 7(42) 32(88) 35(124) 25(131) 5(164) 9(433)
OuDoor #1: 46(123) 20(210) 52(292) 47(301) 49(415) 48(484) 7(489)
OuDoor #2: 16(118) 23(222) 57(228) 3(234) 9(252) 59(258) 44(264)
OuDoor #3: 56(79) 40(114) 21(126) 32(150) 25(156) 1(222) 37(320) 24(473)
OuDoor #4: 36(82) 54(93) 15(99) 6(118) 50(185) 28(213) 38(258) 17(357)
OuDoor #5: 31(169) 35(323) 0(331) 53(341) 4(346) 22(387) 34(395)
OuDoor #6: 29(48) 51(316) 19(362) 5(378) 12(387) 14(434) 2(445)
OuDoor #7: 39(132) 33(254) 11(260) 10(273) 13(282) 30(400) 26(411) 18(465)
OuDoor #8: 42(61) 27(174) 45(181) 8(244) 58(448) 41(453) 43(462) 55(470)
Cost 256792.07
DetCost 256209
Time 1469.45
InDoor #1: 57(45) 13(144) 27(154) 28(180) 5(187) 4(314) 2(325)
InDoor #2: 29(5) 30(69) 26(125) 52(239) 50(265) 56(312) 17(322)
InDoor #3: 3(69) 32(88) 39(111) 25(127) 6(192) 1(240) 23(305)
InDoor #4: 15(91) 24(124) 22(297) 12(317) 8(360) 48(372) 9(433)
InDoor #5: 20(151) 54(172) 51(180) 45(196) 49(365) 40(376) 59(409) 11(418)
InDoor #6: 7(42) 43(47) 16(103) 35(124) 55(224) 47(250) 10(399) 0(446)
InDoor #7: 19(17) 14(26) 18(93) 42(186) 58(238) 41(330) 37(367) 44(424)
InDoor #8: 36(54) 38(93) 31(147) 34(188) 46(199) 33(304) 21(394) 53(421)
OuDoor #1: 31(169) 50(183) 11(255) 44(263) 35(324) 0(331) 18(475)
OuDoor #2: 36(82) 54(98) 33(249) 59(255) 38(261) 48(484) 7(489)
OuDoor #3: 39(132) 32(153) 45(175) 51(305) 37(320) 19(360) 22(387) 34(397)
OuDoor #4: 15(90) 6(113) 46(123) 25(146) 23(217) 1(222) 58(448)
OuDoor #5: 13(274) 10(284) 52(293) 47(302) 17(356) 30(398) 26(412)
OuDoor #6: 29(48) 42(61) 16(118) 21(126) 27(177) 28(219) 3(234) 57(243) 24(465)
OuDoor #7: 20(211) 8(244) 9(269) 5(378) 12(387) 2(445) 43(475)
OuDoor #8: 56(79) 40(114) 53(343) 4(354) 49(410) 41(441) 14(450) 55(460)
Cost 256516.46
DetCost 256171
Time 1726.75
InDoor #1: 39(111) 5(164) 1(240) 49(365) 21(394) 11(402) 10(408)
InDoor #2: 14(14) 30(69) 38(93) 27(153) 42(186) 40(376) 9(433)
InDoor #3: 29(5) 43(24) 15(91) 32(98) 24(124) 35(133) 41(330)
InDoor #4: 7(42) 18(93) 25(127) 47(250) 8(360) 59(409) 44(424)
InDoor #5: 57(45) 16(103) 51(166) 54(175) 6(192) 56(312) 33(321) 48(372)
InDoor #6: 19(17) 26(125) 28(180) 55(224) 52(239) 23(305) 17(322) 53(421)
InDoor #7: 36(54) 3(69) 13(144) 20(154) 31(159) 34(188) 45(196) 46(206) 58(238)
InDoor #8: 50(265) 22(297) 4(314) 2(325) 12(333) 37(367) 0(446)
OuDoor #1: 54(91) 15(100) 40(114) 6(122) 39(132) 10(268) 13(277) 19(356)
OuDoor #2: 20(210) 59(256) 33(262) 52(297) 47(306) 26(411) 58(448)
OuDoor #3: 57(233) 8(242) 9(250) 11(256) 44(264) 49(412) 2(449) 43(475)
OuDoor #4: 29(48) 42(61) 46(123) 45(178) 35(336) 17(353) 22(384)
OuDoor #5: 16(118) 21(126) 31(175) 28(213) 23(221) 38(259) 0(331) 30(400)
OuDoor #6: 32(150) 25(156) 37(320) 53(355) 24(469) 48(484) 7(489)
OuDoor #7: 56(75) 36(82) 27(179) 34(399) 55(446) 41(454) 14(463)
OuDoor #8: 50(194) 1(219) 3(234) 51(316) 4(351) 5(378) 12(387) 18(471)
Cost 257050.22
DetCost 256211
Time 1768.57
InDoor #1: 43(24) 57(45) 31(147) 6(192) 58(238) 1(244) 47(252)
InDoor #2: 7(42) 30(69) 26(125) 52(239) 17(322) 40(376) 21(394)
InDoor #3: 29(5) 3(69) 18(93) 13(144) 41(330) 10(399) 44(424)
InDoor #4: 54(172) 5(180) 34(188) 50(265) 49(365) 48(372) 11(400)
InDoor #5: 19(17) 15(91) 16(103) 35(124) 25(131) 51(166) 42(186) 45(196) 55(224)
InDoor #6: 38(93) 22(297) 4(314) 2(325) 37(367) 53(421) 9(433)
InDoor #7: 36(54) 20(151) 56(312) 33(321) 12(329) 8(360) 59(409) 0(446)
InDoor #8: 14(14) 32(88) 39(111) 24(124) 27(153) 28(180) 46(199) 23(305)
OuDoor #1: 38(256) 59(261) 11(267) 10(275) 13(284) 2(452) 48(495)
OuDoor #2: 29(48) 42(61) 25(156) 32(164) 23(220) 8(244) 17(357)
OuDoor #3: 6(118) 9(257) 44(263) 26(411) 41(457) 24(473) 7(489)
OuDoor #4: 36(82) 16(118) 28(219) 51(316) 53(353) 19(358) 5(382) 34(394)
OuDoor #5: 21(126) 31(175) 20(210) 1(217) 3(234) 52(288) 47(297)
OuDoor #6: 54(98) 40(114) 46(123) 27(174) 45(181) 35(324) 0(331) 12(387) 58(448)
OuDoor #7: 56(79) 15(96) 33(245) 57(251) 22(384) 55(460) 43(468)
OuDoor #8: 39(132) 50(183) 37(320) 4(349) 30(406) 49(416) 14(457) 18(467)
Cost 256874.72
DetCost 256766
Time 1741.58
InDoor #1: 25(127) 55(224) 1(240) 22(297) 4(314) 37(367) 49(377) 40(383)
InDoor #2: 45(196) 52(239) 56(312) 12(321) 48(372) 10(399) 11(409) 44(424)
InDoor #3: 14(14) 27(153) 42(186) 47(250) 23(305) 21(394) 53(421)
InDoor #4: 29(5) 15(91) 20(151) 5(164) 6(192) 17(322) 8(360)
InDoor #5: 38(93) 39(111) 24(124) 26(133) 28(180) 34(188) 46(199) 41(330)
InDoor #6: 19(17) 43(26) 16(103) 35(124) 58(238) 59(409) 9(433) 0(446)
InDoor #7: 7(42) 3(69) 57(76) 18(93) 31(147) 51(166) 50(265) 33(304)
InDoor #8: 36(54) 30(69) 32(88) 13(144) 54(172) 2(325)
OuDoor #1: 27(180) 50(187) 38(258) 44(263) 33(271) 59(277) 12(387) 18(475)
OuDoor #2: 6(118) 57(221) 3(234) 52(298) 35(322) 0(331) 30(402)
OuDoor #3: 20(210) 28(216) 37(320) 5(382) 22(391) 34(399) 2(443)
OuDoor #4: 23(216) 1(221) 19(353) 53(363) 26(411) 48(470) 43(475)
OuDoor #5: 54(95) 15(101) 40(114) 46(123) 39(132) 25(149) 49(412)
OuDoor #6: 29(48) 42(62) 16(118) 21(126) 11(276) 13(284) 51(316) 58(448)
OuDoor #7: 32(164) 31(171) 45(181) 8(244) 47(277) 9(282) 10(294) 4(351) 17(357)
OuDoor #8: 56(75) 36(82) 55(440) 41(448) 14(459) 24(469) 7(489)
Cost 256174.84
DetCost 256251
Time 1754.65
InDoor #1: 38(93) 13(144) 27(154) 42(186) 54(195) 49(365) 10(399)
InDoor #2: 57(45) 15(91) 26(125) 20(151) 6(192) 23(305) 9(433)
InDoor #3: 43(24) 16(103) 35(124) 25(131) 51(166) 47(250) 58(258) 4(314)
InDoor #4: 30(69) 18(93) 12(317) 48(372) 40(380) 11(400) 53(421) 0(446)
InDoor #5: 3(69) 52(239) 1(249) 56(312) 33(321) 37(367) 44(424)
InDoor #6: 32(88) 34(188) 45(196) 55(224) 22(297) 17(322) 8(360) 59(409)
InDoor #7: 29(5) 14(14) 19(20) 7(42) 36(54) 46(199) 21(394)
InDoor #8: 39(111) 24(124) 31(147) 28(180) 5(187) 50(265) 2(325) 41(333)
OuDoor #1: 54(98) 40(114) 20(211) 23(223) 9(241) 8(247) 30(403)
OuDoor #2: 15(94) 6(113) 46(123) 31(171) 45(181) 37(320) 58(448)
OuDoor #3: 36(82) 16(118) 21(126) 33(253) 38(259) 44(264) 51(316)
OuDoor #4: 25(153) 27(177) 11(274) 13(282) 5(381) 22(390) 34(398)
OuDoor #5: 50(189) 28(214) 1(222) 35(324) 0(331) 19(361) 12(387) 49(412)
OuDoor #6: 56(79) 10(282) 52(291) 47(300) 26(411) 55(446) 41(454) 24(469)
OuDoor #7: 29(48) 42(61) 57(223) 3(229) 59(267) 14(434) 2(449) 18(471)
OuDoor #8: 39(132) 32(164) 4(345) 53(351) 17(356) 7(464) 48(472) 43(477)
Cost 256779.00
DetCost 256217
Time 1658.71
InDoor #1: 20(151) 31(156) 45(196) 41(330) 2(340) 49(365) 53(421)
InDoor #2: 43(24) 28(180) 54(187) 8(360) 48(372) 40(380) 0(446)
InDoor #3: 19(17) 14(26) 30(69) 32(88) 38(94) 39(111) 22(297)
InDoor #4: 29(5) 15(91) 26(125) 35(135) 6(192) 55(224) 56(312)
InDoor #5: 7(42) 42(186) 34(195) 46(202) 52(239) 1(249) 50(265) 4(314)
InDoor #6: 3(69) 57(76) 18(93) 25(127) 13(144) 23(305) 17(322) 9(433)
InDoor #7: 16(103) 24(124) 5(164) 51(172) 37(367) 21(394) 10(402) 11(412) 59(418)
InDoor #8: 36(54) 27(153) 58(238) 47(250) 33(304) 12(317) 44(424)
OuDoor #1: 33(256) 38(262) 53(349) 4(354) 19(360) 43(455) 24(469)
OuDoor #2: 22(384) 34(394) 30(402) 26(412) 14(439) 55(449) 41(457)
OuDoor #3: 40(114) 6(122) 39(132) 23(217) 1(222) 48(484) 7(489)
OuDoor #4: 42(62) 36(82) 32(150) 25(156) 3(234) 17(357) 2(449)
OuDoor #5: 45(175) 27(185) 44(259) 59(267) 10(273) 9(282) 35(324) 0(331) 18(471)
OuDoor #6: 20(211) 11(267) 47(275) 13(280) 51(309) 37(320) 58(448)
OuDoor #7: 29(48) 56(79) 54(96) 15(102) 16(118) 5(378) 12(387) 49(410)
OuDoor #8: 46(120) 21(126) 31(175) 50(192) 28(219) 8(235) 57(243) 52(298)
Cost 256860.20
DetCost 256232
Time 1752.30
InDoor #1: 29(5) 39(111) 25(127) 35(136) 23(305) 37(367) 59(409)
InDoor #2: 26(125) 22(297) 8(360) 49(369) 10(399) 53(421) 44(431)
InDoor #3: 19(17) 16(103) 27(153) 54(172) 45(196) 47(250) 33(304) 48(372)
InDoor #4: 43(24) 7(42) 30(69) 15(91) 32(98) 1(240) 9(433)
InDoor #5: 57(45) 38(93) 24(124) 31(147) 5(164) 6(192) 55(224) 58(238)
InDoor #6: 36(54) 3(69) 13(144) 20(154) 51(166) 28(180) 52(239)
InDoor #7: 18(93) 34(188) 46(199) 50(265) 4(314) 17(323) 2(333) 40(376) 0(446)
InDoor #8: 14(14) 42(186) 56(312) 12(321) 41(330) 21(394) 11(402)
OuDoor #1: 39(132) 10(289) 52(298) 51(307) 37(320) 12(387) 30(400)
OuDoor #2: 1(219) 22(382) 5(390) 34(399) 2(448) 41(457) 48(495)
OuDoor #3: 29(48) 42(62) 46(120) 21(126) 33(245) 8(251) 43(475)
OuDoor #4: 38(254) 9(259) 59(265) 11(271) 47(279) 13(284) 58(448)
OuDoor #5: 36(82) 40(114) 25(149) 32(164) 57(227) 3(234) 4(345) 17(357)
OuDoor #6: 56(79) 53(346) 19(356) 26(412) 14(447) 55(457) 18(465) 24(474) 7(489)
OuDoor #7: 54(95) 15(102) 16(117) 6(124) 45(173) 27(183) 50(190) 23(222)
OuDoor #8: 31(175) 20(210) 28(219) 44(264) 35(326) 0(331) 49(410)
Cost 256669.42
DetCost 256763
Time 1156.61
InDoor #1: 7(42) 3(69) 15(91) 28(180) 42(187) 4(314) 12(323)
InDoor #2: 19(17) 57(45) 38(93) 31(147) 6(192) 58(238) 48(372)
InDoor #3: 45(196) 1(240) 8(360) 49(369) 11(400) 9(433) 0(446)
InDoor #4: 29(5) 30(69) 18(93) 26(125) 24(135) 35(144) 5(164)
InDoor #5: 16(103) 51(166) 2(325) 41(333) 37(367) 40(377) 21(394) 10(402) 44(424)
InDoor #6: 13(144) 27(154) 46(199) 55(224) 47(250) 22(297) 56(312) 17(322)
InDoor #7: 14(14) 39(111) 52(239) 50(265) 33(304) 59(409) 53(421)
InDoor #8: 43(24) 36(54) 32(88) 25(127) 20(151) 34(188) 54(195) 23(305)
OuDoor #1: 29(48) 42(61) 50(192) 20(210) 28(216) 23(224) 55(460)
OuDoor #2: 6(115) 19(361) 5(371) 22(387) 34(395) 26(412) 41(457)
OuDoor #3: 40(114) 38(256) 9(261) 13(267) 59(277) 30(400) 58(448)
OuDoor #4: 36(82) 15(94) 21(126) 3(229) 4(346) 53(352) 17(357)
OuDoor #5: 54(98) 16(118) 25(156) 31(171) 45(181) 1(221) 35(336) 12(387)
OuDoor #6: 46(123) 44(263) 11(271) 10(279) 52(288) 47(297) 0(331) 24(471)
OuDoor #7: 56(79) 39(132) 32(159) 57(233) 33(243) 8(254) 43(449) 14(463) 18(473)
OuDoor #8: 27(180) 51(307) 37(320) 49(413) 2(445) 48(484) 7(489)
Cost 256695.51
DetCost 256218
Time 1503.06
InDoor #1: 14(14) 25(127) 35(136) 5(164) 48(372) 40(380) 10(399)
InDoor #2: 57(45) 3(69) 38(93) 24(124) 54(172) 51(180) 6(192) 23(305)
InDoor #3: 29(5) 16(103) 45(196) 34(206) 22(297) 12(317) 2(325)
InDoor #4: 19(17) 43(26) 7(42) 30(69) 18(93) 59(409) 11(418) 9(433)
InDoor #5: 15(91) 26(125) 52(239) 58(249) 1(255) 47(263) 44(424)
InDoor #6: 32(88) 39(111) 13(144) 28(180) 42(187) 55(224) 4(314)
InDoor #7: 36(54) 20(151) 31(156) 27(165) 50(265) 33(304) 17(322) 8(360)
InDoor #8: 46(199) 56(312) 41(330) 37(367) 49(377) 21(394) 53(421) 0(446)
OuDoor #1: 23(224) 51(316) 53(339) 35(344) 30(403) 41(457) 48(495)
OuDoor #2: 40(114) 46(123) 32(159) 27(187) 37(320) 34(397) 49(416)
OuDoor #3: 36(82) 16(118) 21(126) 28(214) 1(222) 19(362) 22(394) 7(489)
OuDoor #4: 29(48) 42(61) 44(263) 4(348) 17(357) 58(447) 2(452)
OuDoor #5: 57(232) 33(243) 8(254) 59(262) 10(272) 13(281) 24(471)
OuDoor #6: 54(93) 15(99) 6(115) 39(132) 45(170) 20(211) 3(234) 9(269)
OuDoor #7: 56(79) 25(156) 11(252) 38(260) 0(331) 55(453) 18(467) 14(476)
OuDoor #8: 31(175) 50(191) 52(288) 47(297) 5(378) 12(387) 26(410) 43(475)
Cost 256430.35
DetCost 256266
Time 1499.43
