InDoor #1: 19(17) 21(94) 16(103) 13(144) 18(243)
InDoor #2: 8(60) 0(146) 22(153) 15(241) 11(250)
InDoor #3: 14(14) 23(20) 12(27) 17(33) 2(43) 3(69)
InDoor #4: 7(42) 20(151) 4(164) 6(192)
InDoor #5: 5(14) 9(133) 24(138) 1(240) 10(249)
OuDoor #1: 12(101) 2(112) 3(131) 17(141) 11(150)
OuDoor #2: 23(77) 24(175) 10(259) 8(271) 18(313)
OuDoor #3: 19(64) 1(96) 22(186) 9(221) 14(336)
OuDoor #4: 7(71) 20(77) 21(183) 15(228) 6(268)
OuDoor #5: 4(255) 5(263) 13(271) 0(281) 16(306)
Cost 35221.33
DetCost 35545
Time 1765.12
InDoor #1: 7(42) 24(124) 9(133) 13(144) 20(154)
InDoor #2: 17(22) 14(32) 8(60) 4(164) 15(241)
InDoor #3: 21(94) 16(103) 22(147) 0(154) 1(240)
InDoor #4: 19(17) 23(26) 6(192) 18(243) 11(252)
InDoor #5: 5(14) 12(22) 2(28) 3(69) 10(249)
OuDoor #1: 19(64) 7(73) 6(252) 4(261) 18(313)
OuDoor #2: 20(67) 23(77) 1(96) 3(131) 10(259)
OuDoor #3: 2(112) 17(141) 11(150) 21(183) 5(263)
OuDoor #4: 24(175) 22(184) 15(228) 8(273) 0(281)
OuDoor #5: 12(106) 9(221) 13(271) 16(306) 14(336)
Cost 35223.33
DetCost 35547
Time 1257.30
InDoor #1: 7(42) 0(146) 4(164) 6(192) 1(240)
InDoor #2: 23(5) 19(17) 17(26) 9(133) 20(151)
InDoor #3: 5(14) 14(22) 12(28) 2(34) 18(243)
InDoor #4: 8(60) 3(69) 24(124) 13(144) 11(250)
InDoor #5: 21(94) 16(103) 22(147) 15(241) 10(249)
OuDoor #1: 19(64) 24(175) 4(255) 5(263) 16(303) 18(313)
OuDoor #2: 20(77) 9(221) 0(281) 14(336)
OuDoor #3: 1(96) 3(132) 17(141) 11(150) 15(228)
OuDoor #4: 7(71) 23(77) 12(106) 6(262) 8(271)
OuDoor #5: 2(112) 21(177) 22(186) 10(259) 13(271)
Cost 35222.33
DetCost 35546
Time 1788.41
InDoor #1: 7(42) 13(144) 22(154) 15(241) 18(248)
InDoor #2: 19(17) 17(26) 12(36) 3(69) 20(151) 11(250)
InDoor #3: 8(60) 24(124) 9(133) 10(249)
InDoor #4: 21(94) 16(103) 0(146) 4(164) 6(192)
InDoor #5: 23(5) 5(14) 2(25) 14(33) 1(240)
OuDoor #1: 20(77) 1(87) 15(228) 4(243) 10(259) 8(274)
OuDoor #2: 19(64) 24(175) 22(184) 6(268) 18(313)
OuDoor #3: 7(71) 23(77) 9(221) 13(271) 0(281)
OuDoor #4: 2(112) 17(141) 11(150) 21(183) 16(306)
OuDoor #5: 12(106) 3(131) 5(263) 14(336)
Cost 35224.33
DetCost 35548
Time 342.79
InDoor #1: 14(14) 5(20) 17(28) 24(124) 10(249)
InDoor #2: 21(94) 16(103) 9(133) 6(192) 1(240)
InDoor #3: 2(25) 7(42) 0(146) 20(153) 22(158) 18(243)
InDoor #4: 23(5) 19(17) 12(26) 8(60) 11(250)
InDoor #5: 3(69) 13(144) 4(164) 15(241)
OuDoor #1: 12(106) 3(131) 9(221) 15(228) 13(271)
OuDoor #2: 20(77) 2(112) 4(255) 5(263) 18(313) 14(336)
OuDoor #3: 1(96) 11(150) 6(268) 0(277)
OuDoor #4: 19(62) 7(71) 23(77) 8(271) 16(306)
OuDoor #5: 17(155) 24(171) 21(177) 22(186) 10(259)
Cost 35221.33
DetCost 35545
Time 710.74
InDoor #1: 19(17) 7(42) 20(151) 1(240) 10(249)
InDoor #2: 17(22) 8(60) 21(94) 16(103) 9(133)
InDoor #3: 23(5) 5(14) 14(22) 12(28) 13(144)
InDoor #4: 3(69) 24(124) 4(164) 6(192) 18(243)
InDoor #5: 2(25) 0(146) 22(153) 15(241) 11(250)
OuDoor #1: 20(77) 1(87) 12(106) 5(263) 13(271)
OuDoor #2: 7(71) 23(77) 2(112) 21(177) 22(186)
OuDoor #3: 19(64) 3(131) 9(221) 16(306) 14(336)
OuDoor #4: 11(145) 17(155) 24(175) 15(228) 4(260) 6(268)
OuDoor #5: 10(259) 8(271) 0(279) 18(313)
Cost 35221.33
DetCost 35545
Time 1671.46
InDoor #1: 2(25) 12(33) 9(133) 13(144) 10(249)
InDoor #2: 21(94) 16(103) 24(124) 0(146) 6(192)
InDoor #3: 17(22) 8(60) 3(69) 4(164) 1(240)
InDoor #4: 7(42) 20(151) 22(156) 15(241) 11(250)
InDoor #5: 23(5) 14(14) 19(20) 5(29) 18(243)
OuDoor #1: 17(141) 11(150) 9(221) 4(261) 13(271)
OuDoor #2: 2(112) 3(131) 21(177) 22(186) 15(228)
OuDoor #3: 20(67) 23(77) 1(96) 5(263) 14(336)
OuDoor #4: 19(64) 24(175) 10(259) 8(271) 18(301) 16(306)
OuDoor #5: 7(75) 12(106) 6(268) 0(277)
Cost 35221.33
DetCost 35545
Time 644.54
InDoor #1: 23(5) 21(94) 9(133) 22(147) 18(243)
InDoor #2: 2(25) 7(42) 3(69) 13(144) 15(241) 11(250)
InDoor #3: 24(124) 4(164) 1(240) 10(249)
InDoor #4: 14(14) 19(20) 8(60) 16(103) 6(192)
InDoor #5: 5(14) 17(22) 12(32) 0(146) 20(153)
OuDoor #1: 2(112) 24(175) 22(184) 0(281) 14(336)
OuDoor #2: 20(77) 21(183) 10(259) 8(271) 16(303) 18(313)
OuDoor #3: 12(106) 9(221) 5(263) 13(271)
OuDoor #4: 19(53) 7(71) 23(77) 1(96) 3(131) 11(150)
OuDoor #5: 17(155) 15(228) 4(260) 6(268)
Cost 35223.09
DetCost 35545
Time 822.47
InDoor #1: 2(25) 8(60) 3(69) 13(144) 22(154)
InDoor #2: 23(5) 17(22) 7(42) 4(164) 18(243)
InDoor #3: 14(14) 12(20) 24(124) 9(133) 0(146) 11(250)
InDoor #4: 20(151) 6(192) 1(240) 10(249)
InDoor #5: 19(17) 5(26) 21(94) 16(103) 15(241)
OuDoor #1: 19(58) 20(67) 23(77) 24(175) 22(183) 9(221)
OuDoor #2: 21(183) 16(303) 18(313) 14(336)
OuDoor #3: 3(132) 11(145) 17(155) 8(271) 0(279)
OuDoor #4: 1(96) 12(106) 6(248) 5(263) 13(271)
OuDoor #5: 7(75) 2(112) 15(228) 4(243) 10(259)
Cost 35222.33
DetCost 35546
Time 1297.73
InDoor #1: 23(5) 12(17) 14(23) 5(29) 9(133) 1(240)
InDoor #2: 19(17) 24(124) 6(192) 15(241)
InDoor #3: 8(60) 16(103) 13(144) 0(154) 18(243)
InDoor #4: 17(22) 2(32) 7(42) 3(69) 22(147) 11(250)
InDoor #5: 21(94) 20(151) 4(164) 10(249)
OuDoor #1: 19(64) 15(228) 6(245) 5(263) 16(306)
OuDoor #2: 3(131) 11(150) 9(221) 4(251) 10(259)
OuDoor #3: 20(67) 23(77) 1(96) 24(175) 22(184) 14(336)
OuDoor #4: 7(75) 12(106) 17(155) 8(271)
OuDoor #5: 2(112) 21(183) 13(271) 0(281) 18(313)
Cost 35223.09
DetCost 35545
Time 1622.16
