InDoor #1: 2(5) 27(13) 6(22) 13(34) 29(55)
InDoor #2: 25(27) 34(38) 7(62)
InDoor #3: 10(19) 18(33) 8(50) 16(63)
InDoor #4: 5(14) 14(24) 30(30) 32(38) 22(47) 1(60)
InDoor #5: 4(4) 33(14) 24(24) 0(36) 15(43) 28(60)
InDoor #6: 12(27) 23(35) 3(42) 9(53) 11(70)
InDoor #7: 31(27) 19(37) 26(55)
InDoor #8: 20(11) 21(24) 17(32)
OuDoor #1: 13(75) 9(84) 28(98) 32(107)
OuDoor #2: 18(71) 4(90) 16(100)
OuDoor #3: 12(53) 2(66) 19(76) 0(84)
OuDoor #4: 3(51) 23(63) 5(71) 31(82) 17(96) 26(106)
OuDoor #5: 8(54) 10(66) 22(76) 14(89) 34(95) 15(101) 24(110)
OuDoor #6: 25(47) 30(62) 7(71) 27(84) 33(92)
OuDoor #7: 11(74) 29(93) 21(99)
OuDoor #8: 1(75) 20(91) 6(96)
Cost 115326.12
DetCost 102283
Time 1191.94
InDoor #1: 5(14) 31(27) 32(38) 1(60)
InDoor #2: 25(27) 0(36) 8(50) 7(62) 11(70)
InDoor #3: 6(22) 23(35) 3(42) 26(55)
InDoor #4: 14(24) 17(32) 15(42) 29(55)
InDoor #5: 4(4) 10(19) 12(29) 19(37) 22(47) 28(60)
InDoor #6: 30(29) 34(38) 9(53) 16(63)
InDoor #7: 2(5) 27(13) 24(24) 13(34)
InDoor #8: 20(11) 33(16) 21(24) 18(33)
OuDoor #1: 22(76) 14(90) 6(96) 32(106)
OuDoor #2: 8(54) 18(66) 19(76) 0(84) 17(91)
OuDoor #3: 3(51) 23(63) 13(75) 20(87) 33(92)
OuDoor #4: 12(53) 30(62) 7(71) 31(82) 34(92)
OuDoor #5: 10(65) 1(75) 26(92) 21(99)
OuDoor #6: 25(47) 2(68) 27(84) 4(95)
OuDoor #7: 5(71) 9(84) 24(98) 29(107)
OuDoor #8: 11(74) 16(94) 15(103) 28(112)
Cost 117917.92
DetCost 107312
Time 1588.75
InDoor #1: 20(11) 6(22) 23(35) 3(42) 28(60)
InDoor #2: 25(27) 19(37) 29(55)
InDoor #3: 10(19) 30(29) 34(38) 8(50) 7(62)
InDoor #4: 5(14) 14(24) 13(34) 15(44) 16(63)
InDoor #5: 24(24) 0(36) 22(47) 26(55) 11(70)
InDoor #6: 12(27) 17(33) 9(53) 1(60)
InDoor #7: 27(3) 2(11) 31(27) 32(38)
InDoor #8: 4(4) 33(14) 21(24) 18(33)
OuDoor #1: 30(62) 22(76) 16(90) 34(99)
OuDoor #2: 18(71) 31(82) 28(94) 32(103)
OuDoor #3: 12(53) 2(65) 13(75) 27(84) 4(92)
OuDoor #4: 3(51) 23(63) 5(71) 0(84)
OuDoor #5: 25(47) 10(66) 19(76) 33(91)
OuDoor #6: 11(74) 14(90) 6(96) 26(106)
OuDoor #7: 8(54) 7(71) 9(84) 29(93) 21(99) 24(108)
OuDoor #8: 1(75) 20(91) 17(96) 15(106)
Cost 115849.98
DetCost 102592
Time 1518.50
InDoor #1: 33(14) 21(24) 17(32) 26(55)
InDoor #2: 20(11) 31(27) 19(37) 28(60)
InDoor #3: 24(24) 23(35) 15(42) 9(53) 16(63)
InDoor #4: 12(27) 0(36) 22(47) 1(60) 11(70)
InDoor #5: 2(5) 14(24) 18(33) 34(42) 7(62)
InDoor #6: 4(4) 10(19) 30(29) 32(38) 8(50)
InDoor #7: 5(14) 25(27) 3(39) 29(55)
InDoor #8: 27(3) 6(22) 13(34)
OuDoor #1: 11(74) 9(83) 26(92) 21(99)
OuDoor #2: 1(74) 27(84) 29(93) 34(99)
OuDoor #3: 25(47) 30(62) 7(71) 0(84) 4(91)
OuDoor #4: 8(54) 23(63) 5(71) 31(82) 33(92)
OuDoor #5: 12(53) 10(66) 19(76) 14(90) 6(96)
OuDoor #6: 3(51) 2(65) 13(75) 17(96)
OuDoor #7: 18(71) 20(90) 16(97) 32(106)
OuDoor #8: 22(76) 28(96) 24(105) 15(114)
Cost 114554.48
DetCost 101510
Time 1323.28
InDoor #1: 4(4) 33(14) 31(27) 34(38)
InDoor #2: 14(24) 18(33) 32(42) 29(55)
InDoor #3: 12(27) 17(33) 9(53) 7(62) 11(70)
InDoor #4: 10(19) 30(29) 0(37) 22(47) 1(60)
InDoor #5: 27(3) 25(27) 15(41) 8(50) 16(63)
InDoor #6: 24(24) 23(35) 3(42) 26(55)
InDoor #7: 5(14) 6(22) 19(37) 28(60)
InDoor #8: 2(5) 20(13) 21(24) 13(34)
OuDoor #1: 18(71) 20(90) 4(95) 32(105)
OuDoor #2: 8(54) 2(64) 11(74) 9(83) 33(92)
OuDoor #3: 25(47) 23(63) 7(71) 14(90) 17(96)
OuDoor #4: 3(51) 10(66) 19(76) 0(84)
OuDoor #5: 12(53) 30(62) 5(71) 31(82) 6(96)
OuDoor #6: 13(75) 27(84) 26(92) 21(99)
OuDoor #7: 22(76) 34(90) 16(96) 28(105) 15(114)
OuDoor #8: 1(75) 24(98) 29(107)
Cost 115117.35
DetCost 103179
Time 1397.41
InDoor #1: 4(4) 33(14) 21(24) 17(32)
InDoor #2: 5(14) 24(24) 19(37) 16(63)
InDoor #3: 14(24) 30(30) 15(41) 26(55) 11(70)
InDoor #4: 12(27) 0(36) 3(43) 9(53) 1(60)
InDoor #5: 10(19) 18(33) 32(42) 22(48) 7(62)
InDoor #6: 20(11) 25(27) 23(36) 8(50)
InDoor #7: 27(3) 31(27) 34(38) 29(55)
InDoor #8: 2(5) 6(22) 13(34) 28(60)
OuDoor #1: 1(75) 29(93) 21(99) 24(108)
OuDoor #2: 5(71) 9(80) 26(89) 17(96)
OuDoor #3: 25(47) 30(62) 11(74) 0(84)
OuDoor #4: 3(51) 23(63) 7(71) 14(89) 4(95)
OuDoor #5: 12(53) 10(66) 19(76) 33(91) 34(99)
OuDoor #6: 8(54) 2(65) 13(75) 27(84) 6(96)
OuDoor #7: 18(71) 31(82) 16(100) 15(109)
OuDoor #8: 22(76) 20(93) 28(98) 32(107)
Cost 115931.17
DetCost 103125
Time 1506.52
InDoor #1: 20(11) 33(16) 21(24) 18(33)
InDoor #2: 5(14) 31(27) 32(38) 26(55)
InDoor #3: 14(24) 17(32) 15(42) 28(60)
InDoor #4: 10(19) 12(29) 0(36) 3(43) 9(53) 1(60)
InDoor #5: 24(24) 13(34) 22(47) 7(62) 11(70)
InDoor #6: 30(29) 34(38) 8(50) 16(63)
InDoor #7: 2(5) 27(13) 25(27) 19(37) 29(55)
InDoor #8: 4(4) 6(22) 23(35)
OuDoor #1: 1(75) 20(92) 29(97) 26(103) 24(110)
OuDoor #2: 8(54) 11(74) 14(90) 6(96)
OuDoor #3: 7(71) 9(84) 34(93) 21(99) 15(108)
OuDoor #4: 25(47) 23(63) 5(71) 31(82)
OuDoor #5: 3(51) 10(66) 19(76) 27(84)
OuDoor #6: 12(53) 30(62) 13(75) 0(84) 33(92)
OuDoor #7: 2(66) 22(76) 4(86) 17(96)
OuDoor #8: 18(71) 16(89) 28(98) 32(107)
Cost 116351.42
DetCost 103301
Time 1389.71
InDoor #1: 5(14) 6(22) 13(34) 9(53)
InDoor #2: 33(14) 24(24) 34(38) 26(55)
InDoor #3: 25(27) 0(36) 22(47) 16(63)
InDoor #4: 4(4) 14(24) 17(32) 15(42) 29(55)
InDoor #5: 30(29) 19(37) 8(50) 7(62) 11(70)
InDoor #6: 20(11) 12(27) 23(35) 3(42) 1(60)
InDoor #7: 27(3) 10(19) 31(29) 32(38) 28(60)
InDoor #8: 2(5) 21(24) 18(33)
OuDoor #1: 2(68) 9(84) 16(94) 26(103) 24(110)
OuDoor #2: 11(74) 4(89) 21(99) 15(108)
OuDoor #3: 12(53) 10(65) 13(75) 27(84) 6(96)
OuDoor #4: 3(51) 23(63) 18(71) 0(84) 17(94)
OuDoor #5: 30(62) 7(71) 31(82) 33(92)
OuDoor #6: 25(47) 5(67) 19(76) 14(90)
OuDoor #7: 8(54) 22(76) 29(93) 34(99)
OuDoor #8: 1(75) 20(92) 28(97) 32(106)
Cost 114372.69
DetCost 103924
Time 913.59
InDoor #1: 24(24) 23(35) 26(55) 11(70)
InDoor #2: 4(4) 10(19) 12(29) 13(35) 29(55)
InDoor #3: 14(24) 30(30) 32(38) 8(50) 16(63)
InDoor #4: 31(27) 34(38) 22(47) 1(60)
InDoor #5: 5(14) 25(27) 0(36) 15(43) 9(53) 7(62)
InDoor #6: 27(3) 33(14) 6(22) 18(33) 3(42)
InDoor #7: 20(11) 21(24) 19(37) 28(60)
InDoor #8: 2(5) 17(32)
OuDoor #1: 13(75) 20(85) 29(90) 17(96) 24(106)
OuDoor #2: 25(47) 18(71) 9(81) 14(90) 6(96) 28(106)
OuDoor #3: 12(53) 2(65) 22(75) 0(84) 33(92)
OuDoor #4: 3(51) 10(66) 19(76) 27(84) 21(98) 32(107)
OuDoor #5: 8(54) 23(63) 7(71) 31(82)
OuDoor #6: 30(62) 5(71) 4(95)
OuDoor #7: 11(74) 16(98) 26(107)
OuDoor #8: 1(75) 34(99) 15(112)
Cost 116710.67
DetCost 101836
Time 1674.66
InDoor #1: 20(11) 6(22) 17(32) 29(55)
InDoor #2: 5(14) 25(27) 23(36) 3(43) 26(55)
InDoor #3: 30(29) 19(37) 8(50) 7(62)
InDoor #4: 24(24) 0(36) 15(43) 28(60) 11(70)
InDoor #5: 10(19) 12(29) 32(38) 22(47) 16(63)
InDoor #6: 2(5) 14(24) 18(33) 9(53) 1(60)
InDoor #7: 4(4) 31(27) 34(38)
InDoor #8: 27(3) 33(14) 21(24) 13(34)
OuDoor #1: 18(71) 6(95) 26(105) 28(112)
OuDoor #2: 5(66) 13(75) 21(98) 32(107)
OuDoor #3: 12(53) 30(62) 22(73) 31(82) 33(92)
OuDoor #4: 3(51) 23(63) 7(71) 27(83) 14(90)
OuDoor #5: 25(47) 10(66) 19(76) 0(84)
OuDoor #6: 8(54) 2(68) 9(84) 17(96)
OuDoor #7: 11(74) 34(94) 16(100) 15(109)
OuDoor #8: 1(75) 20(89) 4(94) 29(104) 24(110)
Cost 114613.57
DetCost 104294
Time 1755.33
