InDoor #1: 4(14) 14(23) 15(91) 45(196) 47(250) 7(342)
InDoor #2: 43(99) 16(178) 22(222) 21(244) 11(252) 10(258)
InDoor #3: 19(92) 27(153) 48(222) 32(238) 28(330) 24(349) 3(369)
InDoor #4: 1(15) 25(52) 33(79) 46(124) 41(180) 40(226) 31(372)
InDoor #5: 36(54) 13(69) 44(124) 8(135) 0(221) 2(250)
InDoor #6: 12(17) 38(23) 42(36) 9(58) 23(80) 39(186) 5(314)
InDoor #7: 29(5) 20(13) 30(144) 35(274) 37(292)
InDoor #8: 34(38) 26(50) 17(97) 6(117) 18(243) 49(290)
OuDoor #1: 12(218) 24(352) 30(362) 33(397) 28(402) 49(411)
OuDoor #2: 8(112) 45(173) 17(178) 37(196) 26(276) 47(402)
OuDoor #3: 29(83) 15(172) 23(181) 14(204) 44(241) 39(386) 9(397)
OuDoor #4: 31(93) 6(147) 22(245) 11(347) 7(382) 27(394)
OuDoor #5: 16(71) 48(84) 38(92) 0(123) 21(142) 13(243)
OuDoor #6: 5(172) 3(177) 18(311) 42(319) 43(337) 1(392) 35(401)
OuDoor #7: 25(121) 36(131) 19(159) 20(219) 40(286) 2(320) 10(335)
OuDoor #8: 34(181) 32(221) 4(230) 46(398) 41(408)
Cost 525380.30
DetCost 522832
Time 1576.67
InDoor #1: 36(54) 23(80) 27(153) 32(238) 10(249) 2(259)
InDoor #2: 12(17) 25(52) 13(69) 33(79) 15(91) 16(178) 18(243)
InDoor #3: 19(92) 17(101) 44(124) 21(244) 35(274) 24(349)
InDoor #4: 43(99) 46(124) 45(196) 49(290) 28(330) 3(369)
InDoor #5: 38(18) 9(58) 30(144) 40(226) 37(292) 31(372)
InDoor #6: 42(36) 34(45) 6(117) 8(135) 41(180) 0(221)
InDoor #7: 20(1) 29(6) 4(14) 26(50) 22(222) 7(342)
InDoor #8: 14(14) 1(20) 39(186) 48(222) 11(250) 47(256) 5(314)
OuDoor #1: 16(71) 29(82) 38(92) 15(172) 40(286) 41(408)
OuDoor #2: 48(84) 31(93) 23(179) 37(196) 18(314) 47(403)
OuDoor #3: 8(112) 0(123) 21(142) 17(178) 39(386) 27(396)
OuDoor #4: 6(147) 34(179) 14(204) 32(216) 4(224) 42(311) 11(347)
OuDoor #5: 25(125) 36(131) 19(159) 12(218) 22(245) 1(388) 9(397)
OuDoor #6: 45(183) 13(243) 2(324) 10(335) 7(382) 33(401)
OuDoor #7: 3(175) 5(185) 20(217) 24(352) 46(397) 49(407) 28(412)
OuDoor #8: 44(241) 26(277) 43(337) 30(362) 35(399)
Cost 526506.72
DetCost 522833
Time 1473.27
InDoor #1: 29(5) 38(18) 9(58) 16(178) 0(221) 21(244)
InDoor #2: 26(50) 43(99) 41(180) 40(226) 11(250)
InDoor #3: 36(54) 19(92) 27(153) 45(196) 48(222) 10(249) 28(330)
InDoor #4: 25(52) 15(91) 39(186) 22(222) 47(250) 37(292) 31(372)
InDoor #5: 34(38) 23(80) 17(97) 46(124) 8(135) 49(290)
InDoor #6: 20(1) 33(79) 44(124) 30(144) 18(243) 32(252) 3(369)
InDoor #7: 42(36) 13(69) 35(274) 5(314) 7(342) 24(349)
InDoor #8: 12(17) 1(23) 4(31) 14(40) 6(117) 2(250)
OuDoor #1: 45(177) 23(182) 37(196) 4(216) 13(243) 35(399)
OuDoor #2: 34(175) 14(204) 22(245) 11(347) 28(394) 47(403)
OuDoor #3: 16(71) 29(83) 15(172) 12(218) 44(241) 24(349)
OuDoor #4: 48(84) 8(112) 17(178) 7(382) 9(397) 41(406)
OuDoor #5: 38(92) 6(147) 20(216) 26(277) 2(324) 1(392)
OuDoor #6: 31(93) 0(121) 21(142) 19(159) 42(314) 43(337) 30(362)
OuDoor #7: 32(219) 40(286) 18(314) 10(334) 39(386) 27(396)
OuDoor #8: 25(125) 36(131) 5(173) 3(178) 46(394) 33(404) 49(411)
Cost 525757.66
DetCost 522811
Time 992.86
InDoor #1: 25(52) 23(80) 8(135) 40(226) 18(243) 5(314)
InDoor #2: 36(54) 13(69) 33(79) 43(99) 0(221) 10(249)
InDoor #3: 29(5) 42(36) 17(97) 30(144) 16(178) 22(222) 7(342)
InDoor #4: 12(17) 6(117) 27(153) 41(180) 45(196) 48(222) 28(330)
InDoor #5: 38(18) 14(28) 9(58) 44(124) 47(250) 21(258) 49(290)
InDoor #6: 46(124) 11(250) 2(256) 35(274) 31(372)
InDoor #7: 1(15) 26(50) 15(91) 32(238) 37(292) 3(369)
InDoor #8: 20(1) 4(14) 34(38) 19(92) 39(186) 24(349)
OuDoor #1: 29(82) 38(92) 34(179) 20(217) 22(245) 43(337)
OuDoor #2: 16(71) 31(93) 17(178) 13(243) 18(316) 24(352)
OuDoor #3: 19(159) 37(196) 12(218) 42(317) 10(335) 30(362) 41(405)
OuDoor #4: 48(84) 5(167) 15(172) 44(241) 26(277) 11(347)
OuDoor #5: 0(122) 36(131) 21(142) 45(173) 3(178) 14(204) 27(396)
OuDoor #6: 8(112) 25(125) 6(147) 40(286) 9(397) 49(406)
OuDoor #7: 23(182) 4(220) 2(320) 39(382) 1(392) 47(401)
OuDoor #8: 32(219) 7(382) 28(392) 33(401) 35(406) 46(413)
Cost 526590.18
DetCost 522817
Time 1508.34
InDoor #1: 20(1) 1(15) 4(23) 44(124) 30(144) 48(222)
InDoor #2: 29(5) 25(52) 43(99) 46(124) 22(222) 35(274) 5(314)
InDoor #3: 36(54) 23(80) 8(135) 40(226) 32(238) 18(244)
InDoor #4: 9(58) 17(97) 27(153) 16(178) 0(221) 49(290)
InDoor #5: 13(69) 15(91) 41(180) 45(196) 47(250) 37(292) 3(369)
InDoor #6: 14(14) 12(20) 42(36) 33(79) 19(92) 2(250)
InDoor #7: 38(18) 26(50) 21(244) 10(252) 28(330) 7(342) 31(372)
InDoor #8: 34(38) 6(117) 39(186) 11(250) 24(349)
OuDoor #1: 21(142) 19(159) 20(218) 4(227) 44(241) 42(319)
OuDoor #2: 29(82) 0(123) 6(147) 40(286) 43(337) 35(403)
OuDoor #3: 16(71) 38(92) 34(175) 23(181) 32(218) 22(245)
OuDoor #4: 15(172) 37(196) 13(243) 2(324) 10(335) 33(401)
OuDoor #5: 48(84) 8(112) 45(173) 17(178) 12(218) 26(277)
OuDoor #6: 31(93) 25(123) 5(182) 14(204) 27(394) 47(403)
OuDoor #7: 36(131) 3(173) 11(345) 24(352) 39(386) 9(397) 28(406)
OuDoor #8: 18(316) 30(362) 7(382) 1(392) 49(403) 41(408) 46(418)
Cost 525534.92
DetCost 522836
Time 1746.60
InDoor #1: 12(17) 42(36) 26(50) 32(238) 5(314) 28(330)
InDoor #2: 30(144) 16(178) 39(186) 22(222) 47(250) 7(342)
InDoor #3: 13(69) 23(80) 17(97) 45(196) 11(250) 3(369)
InDoor #4: 36(54) 33(79) 27(153) 41(180) 35(274) 49(290)
InDoor #5: 15(91) 43(99) 44(124) 8(135) 48(222) 10(249)
InDoor #6: 25(52) 19(92) 46(124) 40(226) 37(292) 24(349) 31(372)
InDoor #7: 29(5) 14(14) 4(20) 9(58) 0(221) 2(250)
InDoor #8: 20(1) 38(18) 1(28) 34(38) 6(117) 21(244) 18(252)
OuDoor #1: 26(277) 43(337) 11(345) 24(352) 30(362) 41(408)
OuDoor #2: 0(122) 19(159) 37(196) 42(317) 10(335) 7(382)
OuDoor #3: 38(92) 3(167) 5(177) 23(182) 14(204) 39(386)
OuDoor #4: 16(71) 48(84) 31(93) 25(121) 15(172) 12(218) 2(326)
OuDoor #5: 29(83) 8(112) 21(142) 4(213) 32(221) 44(241) 27(396)
OuDoor #6: 6(147) 17(178) 22(245) 40(286) 9(397) 35(406)
OuDoor #7: 34(179) 13(243) 18(314) 1(392) 47(403) 49(409) 33(414)
OuDoor #8: 36(131) 45(181) 20(219) 46(398) 28(408)
Cost 526390.97
DetCost 522840
Time 1685.70
InDoor #1: 29(5) 20(13) 12(18) 38(24) 16(178) 45(196)
InDoor #2: 9(58) 17(97) 41(180) 0(221) 11(250) 49(290)
InDoor #3: 26(50) 6(117) 27(153) 22(222) 10(249) 47(259) 35(274)
InDoor #4: 42(36) 25(52) 15(91) 40(226) 37(292) 31(372)
InDoor #5: 36(54) 44(124) 39(186) 48(222) 21(244) 18(252) 3(369)
InDoor #6: 14(14) 23(80) 46(124) 8(135) 32(238) 2(250) 5(314)
InDoor #7: 34(38) 13(69) 19(92) 30(144) 7(342)
InDoor #8: 1(15) 4(23) 33(79) 43(99) 28(330) 24(349)
OuDoor #1: 25(125) 37(196) 12(218) 40(286) 42(314) 47(403)
OuDoor #2: 45(175) 23(180) 14(204) 2(326) 46(397) 49(407)
OuDoor #3: 0(121) 36(131) 15(172) 20(216) 13(243) 26(277)
OuDoor #4: 29(82) 38(92) 3(168) 17(178) 22(245) 9(397)
OuDoor #5: 16(71) 48(84) 8(112) 21(142) 44(241) 39(386)
OuDoor #6: 6(147) 32(219) 4(227) 43(337) 1(392) 33(401)
OuDoor #7: 19(159) 34(181) 18(316) 10(335) 24(352) 27(396) 35(405)
OuDoor #8: 31(93) 5(174) 11(347) 30(362) 7(382) 28(399) 41(408)
Cost 526359.42
DetCost 522824
Time 1338.12
InDoor #1: 38(18) 12(28) 42(36) 26(50) 19(92) 6(117) 27(153)
InDoor #2: 4(14) 13(69) 15(91) 17(98) 48(222) 10(249) 35(274)
InDoor #3: 20(1) 29(6) 25(52) 9(61) 33(79) 43(99) 22(222)
InDoor #4: 36(54) 0(221) 11(250) 47(256) 49(290) 31(372)
InDoor #5: 46(124) 8(135) 41(180) 40(226) 32(238)
InDoor #6: 34(38) 23(80) 44(124) 16(178) 18(243) 3(369)
InDoor #7: 30(144) 39(186) 21(244) 5(314) 7(342) 24(349)
InDoor #8: 1(15) 14(23) 45(196) 2(250) 37(292) 28(330)
OuDoor #1: 36(131) 15(172) 45(181) 4(224) 35(399) 33(406) 49(411)
OuDoor #2: 29(83) 31(93) 23(179) 44(241) 40(286) 42(317) 47(403)
OuDoor #3: 16(71) 48(84) 38(92) 8(112) 17(178) 20(219) 46(413)
OuDoor #4: 0(123) 34(179) 14(204) 13(243) 9(397)
OuDoor #5: 25(126) 6(147) 22(245) 26(277) 18(314) 7(382) 1(392)
OuDoor #6: 21(142) 37(196) 2(326) 30(362) 27(396)
OuDoor #7: 19(159) 5(173) 3(178) 32(216) 43(337) 39(386)
OuDoor #8: 12(218) 10(335) 11(345) 24(352) 28(399) 41(408)
Cost 525435.06
DetCost 523849
Time 1514.43
InDoor #1: 13(69) 19(92) 46(124) 0(221) 18(243) 10(252)
InDoor #2: 33(79) 43(99) 44(124) 27(153) 22(222) 32(238) 2(250)
InDoor #3: 1(15) 42(36) 36(54) 23(80) 15(91) 39(186) 40(226)
InDoor #4: 20(1) 25(52) 30(144) 16(178) 48(222) 35(274)
InDoor #5: 9(58) 8(135) 41(180) 28(330) 7(342) 24(349) 3(369)
InDoor #6: 12(17) 34(38) 26(50) 11(250) 47(256) 37(292)
InDoor #7: 4(14) 14(23) 17(97) 49(290) 5(314) 31(372)
InDoor #8: 29(5) 38(18) 6(117) 45(196) 21(244)
OuDoor #1: 48(84) 6(147) 45(175) 23(180) 20(219) 4(230)
OuDoor #2: 31(93) 8(112) 21(142) 15(172) 13(243) 7(382)
OuDoor #3: 16(71) 29(82) 38(92) 5(173) 17(178) 22(245) 27(396)
OuDoor #4: 0(123) 19(159) 3(171) 34(181) 37(196) 44(241)
OuDoor #5: 14(204) 40(286) 18(311) 42(319) 24(352) 30(362) 39(386)
OuDoor #6: 2(320) 43(337) 11(347) 33(394) 28(399) 41(408)
OuDoor #7: 25(125) 32(216) 26(277) 35(390) 9(397) 49(406)
OuDoor #8: 36(131) 12(218) 10(335) 1(392) 47(401) 46(413)
Cost 525307.88
DetCost 522815
Time 1789.27
InDoor #1: 27(153) 21(244) 28(330) 7(342) 24(349)
InDoor #2: 34(38) 15(91) 17(98) 30(144) 39(186) 2(250)
InDoor #3: 19(92) 6(117) 16(178) 0(221) 11(250) 49(290) 3(369)
InDoor #4: 20(1) 23(80) 43(99) 41(180) 40(226) 5(314) 31(372)
InDoor #5: 38(18) 25(52) 9(61) 8(135) 48(222) 18(243) 47(252)
InDoor #6: 12(17) 36(54) 33(79) 10(249) 35(274) 37(292)
InDoor #7: 1(15) 29(23) 42(36) 13(69) 46(124) 45(196) 32(238)
InDoor #8: 4(14) 14(23) 26(50) 44(124) 22(222)
OuDoor #1: 0(122) 15(172) 23(181) 20(219) 4(230) 11(347) 30(362)
OuDoor #2: 8(112) 25(120) 36(131) 19(159) 45(173) 17(178)
OuDoor #3: 29(83) 37(196) 14(204) 13(243) 26(276) 18(311) 42(319)
OuDoor #4: 22(245) 43(337) 24(352) 39(386) 9(397) 28(406)
OuDoor #5: 3(174) 44(241) 2(324) 10(335) 7(382) 27(396)
OuDoor #6: 16(71) 31(93) 34(181) 40(286) 1(392) 47(402)
OuDoor #7: 48(84) 38(92) 6(147) 12(218) 35(399) 41(406)
OuDoor #8: 21(142) 5(185) 32(220) 46(399) 49(409) 33(414)
Cost 526749.50
DetCost 522854
Time 956.58
