InDoor #1: 89(130) 13(144) 84(176) 33(304) 56(312) 86(321) 38(393) 59(409) 44(424) 9(433)
InDoor #2: 99(188) 57(195) 30(219) 18(243) 12(317) 98(453) 51(466) 93(508) 58(538)
InDoor #3: 14(14) 24(124) 74(173) 42(186) 46(199) 82(213) 19(317) 81(433) 62(460) 66(482) 6(492)
InDoor #4: 28(30) 63(159) 0(446) 69(453) 4(464) 36(504) 55(524) 15(541) 31(597)
InDoor #5: 60(47) 64(214) 80(232) 5(314) 41(330) 83(346) 88(351) 8(360) 76(369) 90(441) 27(453) 77(461)
InDoor #6: 23(5) 97(78) 96(88) 16(103) 22(147) 61(200) 25(277) 71(324) 7(342) 1(540)
InDoor #7: 72(21) 54(30) 32(88) 39(111) 53(121) 68(173) 67(228) 47(250) 26(275) 34(338) 37(367) 92(578)
InDoor #8: 43(24) 45(46) 49(65) 85(91) 21(98) 20(151) 73(243) 11(253) 65(274) 2(325)
InDoor #9: 75(49) 78(90) 91(119) 10(249) 87(272) 17(322) 95(343) 79(371) 29(455) 40(526)
InDoor #10: 52(89) 35(274) 3(369) 48(522) 70(530) 94(544) 50(565)
OuDoor #1: 58(328) 31(336) 68(422) 60(429) 77(434) 85(452) 17(497) 15(503) 18(624) 86(629) 52(637) 48(647)
OuDoor #2: 28(155) 54(202) 27(213) 72(326) 55(374) 33(418) 96(457) 61(484) 35(507) 53(523) 19(532)
OuDoor #3: 3(58) 45(206) 23(213) 74(332) 40(408) 16(452) 50(471) 1(481) 69(501) 88(509) 66(577)
OuDoor #4: 73(177) 10(208) 47(239) 62(288) 4(310) 21(318) 91(372) 25(455) 95(484) 29(506)
OuDoor #5: 6(123) 56(208) 78(223) 70(252) 34(323) 46(360) 43(406) 49(471) 51(613)
OuDoor #6: 0(120) 80(169) 64(210) 37(234) 26(245) 67(252) 2(279) 7(373) 38(567)
OuDoor #7: 13(123) 30(131) 39(190) 12(355) 81(384) 92(504) 83(560) 32(566) 87(595) 63(630)
OuDoor #8: 57(77) 20(94) 8(102) 79(107) 42(276) 14(289) 89(357) 84(577)
OuDoor #9: 97(64) 65(74) 98(112) 36(125) 59(165) 22(174) 75(274) 76(398) 24(551) 82(573) 99(586)
OuDoor #10: 9(294) 93(311) 41(385) 44(549) 90(572) 94(583) 11(588) 5(598) 71(608)
Cost 2621903.28
DetCost 2598256
Time 1766.04
InDoor #1: 39(111) 89(130) 73(243) 10(253) 65(274) 5(314) 76(366) 9(433) 0(446)
InDoor #2: 52(89) 46(199) 47(250) 26(275) 19(317) 3(369) 27(453) 55(524) 15(541)
InDoor #3: 49(65) 16(103) 59(409) 44(424) 98(453) 29(458) 1(540) 58(548) 50(565) 92(578) 31(597)
InDoor #4: 72(21) 28(30) 60(47) 97(78) 78(90) 20(151) 57(195) 56(312) 81(433) 69(449) 62(460) 40(526)
InDoor #5: 85(91) 22(147) 42(186) 61(200) 11(250) 25(277) 33(304) 12(317) 37(367) 90(441)
InDoor #6: 32(88) 21(94) 13(144) 84(176) 99(188) 87(272) 71(324) 8(360) 51(466) 48(522)
InDoor #7: 14(14) 75(49) 96(88) 74(173) 64(214) 18(243) 35(274) 86(320) 41(330) 95(343) 93(508) 94(544)
InDoor #8: 45(46) 82(213) 30(221) 7(342) 88(347) 79(371) 4(464) 66(482) 6(492) 70(530)
InDoor #9: 54(22) 23(30) 53(121) 63(159) 68(173) 80(232) 2(325) 34(338) 77(460)
InDoor #10: 43(24) 91(119) 24(129) 67(228) 17(322) 83(346) 38(393) 36(504)
OuDoor #1: 30(131) 22(177) 78(223) 75(271) 2(279) 14(289) 94(589)
OuDoor #2: 6(123) 42(279) 62(288) 4(306) 21(318) 74(332) 41(385) 85(447) 96(457) 49(471) 51(613)
OuDoor #3: 57(77) 20(93) 98(112) 13(123) 28(159) 23(213) 50(471) 1(481) 38(567) 11(588) 87(595)
OuDoor #4: 8(104) 56(203) 27(213) 58(328) 31(336) 40(408) 77(434) 16(452) 83(560) 66(572) 90(582) 86(624) 63(632)
OuDoor #5: 79(107) 59(165) 64(210) 72(326) 91(372) 81(384) 60(434) 71(594) 5(599)
OuDoor #6: 80(169) 54(202) 10(208) 47(239) 26(248) 9(294) 25(455) 61(484) 32(566) 84(576) 99(586)
OuDoor #7: 3(56) 97(64) 65(74) 0(117) 36(125) 45(206) 37(234) 89(357) 76(398) 15(503)
OuDoor #8: 7(369) 55(374) 95(484) 92(495) 69(501) 88(509) 19(532) 44(549) 82(573)
OuDoor #9: 73(177) 39(190) 67(252) 12(355) 33(418) 68(426) 35(501) 29(506) 24(551) 52(642)
OuDoor #10: 70(252) 93(311) 34(323) 46(360) 43(406) 17(497) 53(532) 48(629) 18(635)
Cost 2622676.91
DetCost 2598057
Time 1460.80
InDoor #1: 23(5) 14(14) 43(24) 97(78) 78(90) 89(130) 22(147) 57(195) 10(249) 17(322)
InDoor #2: 45(46) 32(88) 21(94) 24(124) 20(151) 42(186) 73(243) 18(253) 86(320) 41(330)
InDoor #3: 54(22) 75(49) 85(91) 84(176) 99(188) 61(200) 30(219) 11(250) 65(274) 33(304)
InDoor #4: 49(65) 16(103) 39(111) 82(213) 81(433) 29(455) 6(492) 55(524) 94(544) 50(565) 92(578) 31(597)
InDoor #5: 60(47) 96(88) 47(250) 12(317) 34(338) 90(441) 77(460) 48(522) 15(541)
InDoor #6: 28(30) 64(214) 26(275) 56(312) 71(324) 79(371) 9(433) 4(464) 66(482) 36(504)
InDoor #7: 74(173) 46(199) 67(228) 25(277) 19(317) 2(326) 37(367) 44(424) 0(446) 40(526) 1(540)
InDoor #8: 72(21) 52(89) 53(121) 68(173) 87(272) 95(343) 8(360) 38(393) 27(453) 51(466) 58(538)
InDoor #9: 91(119) 13(144) 63(159) 80(232) 35(274) 5(314) 7(342) 88(347) 76(366) 62(460)
InDoor #10: 83(346) 3(369) 59(409) 69(449) 98(455) 93(508) 70(530)
OuDoor #1: 98(112) 36(125) 28(159) 59(165) 22(174) 27(213) 2(277) 42(282) 99(586) 71(602)
OuDoor #2: 23(213) 62(288) 40(408) 82(573) 94(589) 86(626) 48(634) 63(640)
OuDoor #3: 97(64) 20(94) 8(102) 79(107) 13(123) 80(169) 54(202) 10(208) 47(239) 35(507)
OuDoor #4: 3(58) 65(72) 57(77) 0(120) 30(131) 45(206) 16(452) 88(509) 90(582) 87(595)
OuDoor #5: 6(123) 56(208) 75(274) 21(317) 72(326) 12(355) 91(372) 38(567) 11(588) 5(598)
OuDoor #6: 58(328) 31(336) 76(398) 25(455) 95(484) 69(501) 53(532) 84(564) 32(574) 51(613)
OuDoor #7: 37(234) 14(289) 74(332) 89(357) 81(384) 33(418) 96(457) 1(481) 17(497) 29(506) 83(560)
OuDoor #8: 39(190) 78(223) 67(252) 34(323) 7(369) 55(374) 43(406) 77(434) 49(471) 61(484) 15(503) 18(626)
OuDoor #9: 73(177) 26(245) 70(252) 41(385) 60(434) 92(503) 19(532) 24(551) 66(575)
OuDoor #10: 64(210) 9(294) 93(306) 4(313) 46(360) 68(426) 85(452) 50(471) 44(549) 52(642)
Cost 2622311.87
DetCost 2598879
Time 517.31
InDoor #1: 72(21) 32(88) 99(188) 25(277) 95(343) 88(348) 3(369) 38(393) 69(449) 55(524)
InDoor #2: 54(22) 60(47) 97(78) 85(91) 39(111) 42(186) 57(195) 35(274) 86(320) 83(346)
InDoor #3: 45(46) 78(90) 84(176) 18(243) 87(272) 41(330) 7(342) 8(360) 98(453) 70(530) 15(541)
InDoor #4: 75(49) 52(89) 53(121) 89(131) 20(151) 68(173) 65(274) 34(338) 40(526) 58(538) 94(544) 31(597)
InDoor #5: 21(94) 22(147) 74(173) 26(275) 37(367) 90(441) 29(455) 51(466) 93(508) 1(540) 92(578)
InDoor #6: 96(88) 16(103) 61(200) 11(250) 33(304) 71(324) 0(446) 62(460) 66(482) 36(504)
InDoor #7: 63(159) 82(213) 67(228) 10(249) 56(312) 2(325) 76(366) 9(433) 27(453)
InDoor #8: 64(214) 12(317) 17(323) 79(371) 44(424) 81(433) 4(464) 6(492) 48(522) 50(565)
InDoor #9: 23(5) 28(30) 49(65) 24(124) 46(199) 80(232) 47(250) 19(317) 77(460)
InDoor #10: 43(24) 14(29) 91(119) 13(144) 30(219) 73(243) 5(314) 59(409)
OuDoor #1: 8(104) 54(202) 10(208) 9(294) 93(305) 4(312) 89(357) 32(574) 86(627) 18(635)
OuDoor #2: 57(68) 65(74) 79(107) 30(131) 22(177) 45(206) 27(213) 46(360) 7(373) 41(385)
OuDoor #3: 56(203) 23(213) 91(372) 33(418) 35(507) 44(549) 38(562) 82(570) 66(577) 5(599) 51(613) 48(624) 63(630)
OuDoor #4: 97(64) 20(95) 98(112) 39(190) 42(280) 14(289) 34(323) 12(355) 68(426) 15(503) 24(551)
OuDoor #5: 13(123) 59(165) 62(288) 21(318) 55(374) 81(384) 25(455) 61(484) 17(497) 87(595)
OuDoor #6: 0(120) 64(210) 2(279) 96(457) 50(471) 92(495) 69(501) 19(532) 83(560) 99(586) 52(642)
OuDoor #7: 6(123) 80(169) 73(177) 37(234) 58(328) 31(336) 76(398) 85(452) 49(471) 1(481) 29(506)
OuDoor #8: 36(125) 78(223) 70(252) 72(326) 43(402) 16(452) 95(484) 88(509) 84(572) 90(582)
OuDoor #9: 28(157) 47(236) 26(245) 67(252) 74(332) 77(434) 53(532) 11(588)
OuDoor #10: 3(58) 75(274) 40(404) 60(433) 94(589) 71(606)
Cost 2621731.52
DetCost 2597037
Time 1058.11
InDoor #1: 43(24) 28(30) 91(119) 64(214) 56(312) 81(433) 27(453) 77(461) 48(522) 70(530) 15(541)
InDoor #2: 12(317) 71(324) 37(367) 38(393) 59(409) 0(446) 4(464) 6(492)
InDoor #3: 19(317) 88(347) 8(360) 90(441) 98(453) 51(466) 66(482) 36(504) 1(540)
InDoor #4: 84(176) 57(195) 35(274) 95(343) 93(508) 40(526) 58(538) 94(544) 50(565) 92(578) 31(597)
InDoor #5: 23(5) 60(47) 78(90) 20(151) 99(188) 30(219) 47(250) 25(277) 33(304) 5(314) 7(342) 79(371) 62(460)
InDoor #6: 14(14) 72(21) 75(49) 49(65) 32(88) 39(111) 22(147) 82(213) 87(272) 34(338) 44(424) 69(449) 29(455)
InDoor #7: 45(46) 97(78) 52(89) 16(103) 53(121) 46(199) 67(228) 83(346)
InDoor #8: 54(22) 21(94) 24(124) 89(133) 68(173) 42(186) 61(200) 80(232) 73(243) 10(253) 86(320) 17(325) 55(524)
InDoor #9: 85(91) 74(173) 11(250) 65(274) 2(325) 3(369) 9(433)
InDoor #10: 96(88) 13(144) 63(159) 18(243) 26(275) 41(330) 76(366)
OuDoor #1: 31(336) 43(406) 16(452) 49(471) 1(481) 92(497) 15(503) 44(549) 82(573)
OuDoor #2: 72(326) 81(384) 40(408) 25(455) 50(471) 95(484) 17(497) 35(504) 88(509) 19(532) 24(551) 83(560) 32(566) 66(576)
OuDoor #3: 3(58) 65(74) 74(332) 91(372) 60(434) 96(457) 61(484) 69(501) 38(567) 99(586) 48(620) 86(626) 18(634)
OuDoor #4: 27(213) 47(239) 33(418) 68(426) 77(434) 29(506) 53(526) 94(583) 11(588) 87(595)
OuDoor #5: 79(107) 54(202) 23(213) 58(328) 89(357) 7(373) 76(398) 85(452) 84(569) 90(582)
OuDoor #6: 97(64) 57(77) 20(93) 8(104) 98(112) 13(123) 30(131) 59(165) 45(206) 12(355)
OuDoor #7: 0(120) 80(169) 22(177) 64(202) 10(208) 70(252) 9(293) 4(303) 93(311) 46(360) 71(602) 51(613)
OuDoor #8: 6(123) 39(190) 21(318) 41(385) 5(599) 63(630)
OuDoor #9: 56(208) 78(223) 37(234) 26(245) 67(252) 2(275) 42(280) 14(289)
OuDoor #10: 36(125) 28(159) 73(177) 75(274) 62(288) 34(323) 55(374) 52(642)
Cost 2622615.66
DetCost 2598421
Time 432.23
InDoor #1: 49(65) 97(78) 52(89) 39(111) 24(124) 68(173) 38(393) 55(524) 58(538) 94(544) 31(597)
InDoor #2: 75(49) 32(88) 21(94) 74(173) 99(188) 18(243) 86(320) 8(360) 36(504)
InDoor #3: 45(46) 78(90) 16(103) 13(144) 63(159) 84(176) 42(186) 47(250) 93(508) 92(578)
InDoor #4: 60(47) 57(195) 67(228) 73(243) 11(253) 35(274) 65(281) 17(322) 37(367) 29(455) 70(530)
InDoor #5: 96(88) 80(232) 87(272) 5(314) 83(346) 79(371) 69(449) 50(565)
InDoor #6: 14(14) 28(30) 61(200) 10(249) 33(304) 41(330) 3(369) 90(441) 48(522) 15(541)
InDoor #7: 43(24) 64(214) 19(317) 34(338) 44(424) 81(433) 77(460) 40(526)
InDoor #8: 72(21) 85(91) 89(130) 22(147) 30(219) 26(275) 12(317) 7(342) 88(347) 76(366) 98(453) 62(460) 1(540)
InDoor #9: 54(22) 91(119) 20(151) 82(213) 25(277) 56(312) 2(325) 27(453) 4(464)
InDoor #10: 23(5) 53(121) 46(199) 71(324) 95(343) 59(409) 9(433) 0(446) 51(466) 66(482) 6(492)
OuDoor #1: 57(77) 36(122) 30(131) 39(190) 45(206) 4(313) 34(323) 43(406) 33(418)
OuDoor #2: 97(64) 65(74) 20(93) 8(104) 98(112) 13(123) 28(155) 54(202) 10(208) 5(598)
OuDoor #3: 3(58) 79(107) 6(123) 73(177) 23(213) 40(403) 96(457) 53(528) 38(567) 87(595)
OuDoor #4: 27(213) 55(374) 81(384) 76(398) 68(426) 92(504) 19(532) 44(549) 82(573)
OuDoor #5: 0(120) 56(208) 70(252) 9(294) 46(360) 25(455) 24(551) 84(572) 94(583) 11(588) 51(613)
OuDoor #6: 80(169) 22(177) 64(210) 37(234) 26(245) 67(252) 75(271) 2(279) 41(385) 99(586) 71(602)
OuDoor #7: 42(279) 62(288) 74(332) 12(355) 7(373) 16(452) 50(471) 35(507)
OuDoor #8: 59(165) 21(317) 72(326) 1(481) 15(503) 83(560) 90(567) 66(577) 48(629) 18(635) 52(642)
OuDoor #9: 14(289) 58(328) 31(336) 89(357) 77(434) 85(452) 49(471) 95(484) 17(497) 29(506) 86(643)
OuDoor #10: 78(223) 47(239) 93(311) 91(372) 60(433) 61(484) 69(501) 88(509) 32(572) 63(630)
Cost 2620042.08
DetCost 2598257
Time 1604.24
InDoor #1: 54(22) 60(47) 49(65) 78(90) 80(232) 35(274) 17(322) 41(332) 1(540)
InDoor #2: 14(14) 28(30) 75(49) 52(89) 16(103) 5(314) 95(343) 76(366) 38(393) 59(409)
InDoor #3: 45(46) 32(88) 53(121) 99(188) 57(195) 30(219) 67(228) 87(272) 25(279) 86(320) 7(342) 69(449)
InDoor #4: 21(94) 89(130) 46(199) 73(243) 11(253) 47(259) 2(325) 34(338) 8(360) 15(541)
InDoor #5: 96(88) 84(176) 42(186) 61(200) 82(213) 83(346) 88(351) 37(367) 44(424) 9(433)
InDoor #6: 85(91) 91(119) 13(144) 64(214) 10(249) 26(275) 79(371) 77(460) 66(482) 6(492) 48(522) 94(544) 50(565)
InDoor #7: 97(78) 74(173) 65(274) 98(453) 29(458) 4(466) 55(524) 70(530) 31(597)
InDoor #8: 72(21) 56(312) 71(324) 90(441) 51(466) 93(508) 40(526) 58(538)
InDoor #9: 39(111) 63(159) 68(173) 12(317) 3(369) 0(446) 62(460) 36(504) 92(578)
InDoor #10: 43(24) 23(29) 24(124) 22(147) 20(154) 18(243) 33(304) 19(317) 81(433) 27(453)
OuDoor #1: 57(77) 98(112) 6(123) 67(252) 33(418) 77(434) 83(560) 84(577) 71(608)
OuDoor #2: 97(64) 79(107) 13(123) 23(213) 26(245) 70(252) 93(306) 43(406) 68(417) 60(433) 35(507) 48(626) 86(632) 63(640)
OuDoor #3: 54(202) 27(213) 62(287) 89(357) 55(372) 53(532) 32(563) 82(573) 99(586) 18(626)
OuDoor #4: 8(104) 45(206) 78(223) 75(274) 9(294) 21(304) 4(313) 12(355) 15(503) 66(577) 51(613)
OuDoor #5: 3(58) 65(74) 20(95) 36(125) 10(208) 46(360) 7(373) 81(384) 96(457) 29(506) 90(582) 5(599)
OuDoor #6: 56(208) 37(233) 47(239) 2(277) 42(282) 17(495) 69(501) 88(509) 11(588) 52(642)
OuDoor #7: 64(210) 14(289) 91(372) 76(398) 85(452) 95(484) 44(549) 38(567) 94(589)
OuDoor #8: 58(328) 31(336) 41(385) 25(455) 50(471) 61(484) 24(551)
OuDoor #9: 0(120) 30(131) 28(153) 80(169) 73(177) 39(190) 72(326) 1(481) 87(595)
OuDoor #10: 59(165) 22(177) 34(321) 74(332) 40(408) 16(452) 49(471) 92(504) 19(532)
Cost 2622109.42
DetCost 2599844
Time 1004.38
InDoor #1: 72(21) 23(30) 49(65) 21(94) 39(111) 42(186) 86(320) 41(330) 0(446) 36(504) 48(522)
InDoor #2: 54(22) 24(124) 89(133) 30(219) 73(243) 27(453) 93(508) 1(540)
InDoor #3: 14(14) 60(47) 96(88) 68(173) 99(188) 46(199) 11(250) 47(256) 35(274) 34(338) 70(530)
InDoor #4: 91(119) 63(159) 64(214) 18(243) 10(252) 17(322) 7(342) 37(367) 69(449)
InDoor #5: 43(24) 52(89) 74(173) 57(195) 80(232) 33(304) 95(343) 88(348) 76(366) 9(433) 90(441) 62(460)
InDoor #6: 75(49) 97(78) 78(90) 16(103) 22(147) 87(272) 71(324) 83(346) 98(453) 51(466) 40(526)
InDoor #7: 28(30) 45(46) 20(151) 84(176) 61(200) 82(213) 67(228) 65(274) 56(312) 2(325) 3(369) 81(433) 29(455) 4(464) 66(482) 6(492)
InDoor #8: 32(88) 26(275) 12(317) 8(360) 79(371) 38(393) 59(409) 77(460) 15(541)
InDoor #9: 85(91) 19(317) 58(538) 94(544) 50(565) 92(578) 31(597)
InDoor #10: 53(121) 13(144) 25(277) 5(314) 44(424) 55(524)
OuDoor #1: 57(77) 30(131) 75(274) 50(471) 83(560) 32(569)
OuDoor #2: 10(208) 34(323) 55(374) 49(471) 1(481) 53(523) 19(532) 24(551) 84(577)
OuDoor #3: 28(152) 39(190) 45(206) 42(270) 2(279) 12(355) 91(372) 92(504) 44(549)
OuDoor #4: 36(125) 22(177) 23(213) 47(239) 26(248) 21(318) 89(357) 7(373) 85(452) 66(575)
OuDoor #5: 20(95) 13(123) 80(169) 54(197) 56(203) 27(213) 78(223) 37(234) 67(252) 62(285) 9(294)
OuDoor #6: 97(64) 65(74) 8(104) 98(112) 6(123) 59(165) 70(252) 46(360) 40(402) 25(455) 61(484) 29(506)
OuDoor #7: 64(210) 14(289) 31(336) 41(385) 76(398) 60(434) 16(452) 95(484) 69(501) 88(509) 82(573) 51(613)
OuDoor #8: 72(326) 81(384) 43(406) 77(433) 96(457) 38(567) 94(589) 71(594) 5(599) 48(620) 86(626) 18(634)
OuDoor #9: 79(107) 0(120) 73(172) 74(332) 68(420) 17(497) 15(503) 99(580) 11(588) 87(595) 63(630)
OuDoor #10: 3(58) 4(303) 93(311) 58(328) 33(418) 35(507) 90(582) 52(642)
Cost 2622769.49
DetCost 2599808
Time 640.27
InDoor #1: 23(5) 14(14) 85(91) 89(130) 63(159) 68(173) 61(200) 73(243) 11(253) 35(274) 69(449)
InDoor #2: 49(65) 32(88) 22(147) 74(173) 80(232) 41(330) 95(343) 44(424) 9(433) 90(441)
InDoor #3: 28(30) 43(37) 96(88) 91(119) 20(151) 99(188) 67(228) 17(322) 34(338) 55(524)
InDoor #4: 60(47) 97(78) 78(90) 84(176) 42(186) 64(214) 87(272) 7(342) 88(347) 37(367) 27(453)
InDoor #5: 45(46) 52(89) 39(111) 13(144) 57(195) 30(219) 25(277) 83(346) 8(360) 38(393) 81(433) 0(446)
InDoor #6: 75(49) 16(103) 46(199) 10(249) 2(325) 79(371) 51(466) 36(504) 40(526) 1(540)
InDoor #7: 12(317) 71(324) 29(455) 4(464) 66(482) 6(492) 48(522) 58(538) 94(544) 31(597)
InDoor #8: 54(22) 24(124) 82(213) 47(250) 26(275) 33(304) 56(312) 62(460) 15(541) 92(578)
InDoor #9: 72(21) 65(274) 19(317) 3(369) 98(453) 77(460) 93(508)
InDoor #10: 21(94) 53(121) 18(243) 5(314) 86(322) 76(366) 59(409) 70(530) 50(565)
OuDoor #1: 79(107) 28(159) 80(169) 22(177) 39(190) 64(210) 91(372) 85(452) 52(642)
OuDoor #2: 3(58) 57(77) 20(95) 8(104) 0(119) 59(165) 67(252) 89(357) 68(426) 71(608)
OuDoor #3: 54(202) 10(208) 70(252) 42(276) 62(285) 9(294) 34(323) 12(355) 25(455) 50(471) 18(626)
OuDoor #4: 98(112) 45(206) 23(213) 2(279) 55(363) 7(373) 81(384) 96(457) 49(471) 48(624) 63(630)
OuDoor #5: 6(123) 30(131) 56(203) 27(213) 78(223) 37(233) 47(239) 75(274) 46(360) 43(406) 16(452) 1(481)
OuDoor #6: 97(64) 65(73) 13(123) 21(318) 33(418) 61(484) 17(497) 83(558) 84(564) 32(574)
OuDoor #7: 4(303) 93(311) 72(326) 76(398) 95(484) 69(501) 88(509) 99(586) 86(628)
OuDoor #8: 26(248) 58(328) 31(336) 41(385) 40(402) 29(506) 19(532) 66(574) 94(589) 87(595)
OuDoor #9: 36(125) 73(177) 14(289) 74(332) 92(497) 15(503) 24(551) 11(588)
OuDoor #10: 60(429) 77(434) 35(507) 53(528) 44(549) 38(565) 82(573) 90(582) 5(599) 51(613)
Cost 2621622.96
DetCost 2598222
Time 1684.79
InDoor #1: 72(21) 21(94) 57(195) 8(360) 79(371) 81(433) 69(449) 77(460) 66(482)
InDoor #2: 54(22) 74(173) 65(274) 59(409) 44(424) 51(466) 6(492) 48(522)
InDoor #3: 64(214) 26(275) 90(441) 4(464) 55(524) 70(530) 94(544) 50(565) 92(578) 31(597)
InDoor #4: 49(65) 97(78) 68(173) 84(181) 99(188) 61(200) 18(243) 33(304) 71(324) 34(338) 0(446) 62(460)
InDoor #5: 60(47) 52(89) 42(186) 82(213) 56(312) 7(342) 37(367) 27(453) 98(461)
InDoor #6: 39(111) 53(121) 13(144) 30(219) 10(249) 25(277) 12(317) 17(323) 3(369) 9(433) 29(455) 40(526) 15(541)
InDoor #7: 28(30) 75(49) 78(90) 16(103) 89(130) 22(147) 47(250) 19(317) 2(326) 95(343) 76(366)
InDoor #8: 85(91) 20(151) 63(159) 46(199) 67(228) 87(272) 35(279) 5(314) 41(330) 83(346) 36(504) 1(540)
InDoor #9: 14(14) 32(88) 24(124) 91(133) 80(232) 73(243) 93(508) 58(538)
InDoor #10: 43(24) 23(29) 45(46) 96(88) 11(250) 86(320) 88(347) 38(393)
OuDoor #1: 27(213) 4(310) 21(318) 81(384) 76(398) 60(434) 16(452) 15(493) 69(501) 94(589)
OuDoor #2: 23(213) 14(289) 77(433) 25(455) 61(484) 17(497) 29(504) 88(509) 24(551) 90(582)
OuDoor #3: 36(125) 45(206) 47(239) 85(452) 50(471) 95(484) 35(507) 44(549) 82(573) 11(587) 87(594) 5(599) 52(621) 86(631)
OuDoor #4: 57(77) 20(92) 0(120) 39(190) 54(202) 64(210) 37(234) 12(355) 55(374) 1(481) 99(586)
OuDoor #5: 10(208) 58(328) 31(336) 40(408) 96(457) 49(471) 38(567) 51(613)
OuDoor #6: 98(112) 30(131) 34(321) 72(326) 41(385) 43(406) 92(504) 84(570)
OuDoor #7: 3(56) 97(64) 65(74) 8(104) 6(123) 59(165) 56(208) 93(305) 74(332) 89(357)
OuDoor #8: 79(107) 13(123) 80(169) 73(177) 70(252) 42(276) 62(285) 9(294) 46(360)
OuDoor #9: 28(155) 78(223) 26(245) 67(252) 75(271) 2(279) 7(373) 68(420) 53(523) 19(532) 83(560) 32(572)
OuDoor #10: 22(177) 91(372) 33(418) 66(575) 71(608) 18(629) 48(634) 63(640)
Cost 2622956.14
DetCost 2597695
Time 1747.07
