InDoor #1: 63(39) 75(49) 40(55) 71(204) 18(243) 45(286) 52(329) 55(404)
InDoor #2: 3(9) 36(24) 32(88) 27(94) 53(121) 59(169) 60(287) 19(437)
InDoor #3: 6(12) 14(22) 70(50) 74(59) 57(75) 69(89) 48(162) 31(357)
InDoor #4: 62(100) 16(107) 37(127) 66(137) 25(157) 23(245) 41(330) 46(439)
InDoor #5: 11(130) 54(142) 33(184) 68(293) 42(426) 17(442) 21(454)
InDoor #6: 49(65) 7(102) 22(147) 9(193) 0(326) 79(371) 56(432) 50(445)
InDoor #7: 20(31) 28(36) 15(61) 73(123) 61(200) 4(224) 43(264) 35(274)
InDoor #8: 38(33) 2(205) 67(228) 1(300) 29(335) 30(343) 26(395)
InDoor #9: 72(141) 64(214) 8(240) 47(250) 65(274) 77(340) 10(369) 76(379) 39(471)
InDoor #10: 12(77) 58(83) 44(89) 5(98) 13(264) 78(330) 24(364) 51(466) 34(475)
OuDoor #1: 27(305) 2(359) 9(376) 52(423) 69(451) 13(460) 58(481) 71(489)
OuDoor #2: 17(75) 76(116) 56(189) 53(383) 6(391) 7(470) 31(477) 62(484)
OuDoor #3: 23(101) 73(129) 25(182) 40(309) 50(317) 44(324) 21(348) 65(357) 63(375)
OuDoor #4: 46(188) 34(198) 54(215) 32(230) 29(311) 70(351) 10(462)
OuDoor #5: 16(199) 3(267) 43(273) 33(280) 35(429) 19(444) 22(469) 38(520)
OuDoor #6: 37(156) 42(162) 39(172) 66(207) 4(251) 60(302) 14(444) 74(526)
OuDoor #7: 72(37) 78(49) 12(55) 26(206) 18(238) 57(391) 20(397) 45(405) 28(473)
OuDoor #8: 61(163) 47(231) 1(239) 24(248) 36(388) 0(399) 11(420)
OuDoor #9: 64(119) 75(124) 67(227) 59(360) 30(365) 49(479) 79(484) 68(491) 51(508)
OuDoor #10: 55(267) 8(277) 77(285) 48(376) 5(388) 15(488) 41(505)
Cost 373928.73
DetCost 369297
Time 1148.13
InDoor #1: 38(33) 75(49) 70(55) 11(130) 35(274) 56(432) 17(442) 50(452)
InDoor #2: 5(74) 57(82) 58(91) 53(121) 61(200) 42(426) 34(458)
InDoor #3: 36(24) 20(34) 74(53) 32(88) 64(214) 68(293) 31(357) 46(439) 51(466)
InDoor #4: 27(93) 16(103) 9(193) 2(205) 18(243) 47(252) 13(264)
InDoor #5: 14(14) 28(30) 62(100) 73(123) 30(339) 55(404) 19(437) 39(471)
InDoor #6: 6(12) 12(77) 66(122) 25(157) 60(287) 52(329) 77(340) 24(364) 26(395)
InDoor #7: 63(39) 7(102) 65(274) 45(286) 29(335) 41(343) 79(371)
InDoor #8: 40(46) 15(61) 49(68) 72(141) 48(162) 59(170) 4(224) 8(240)
InDoor #9: 69(89) 22(147) 33(184) 67(228) 0(326) 78(333) 10(369) 76(379) 21(454)
InDoor #10: 3(9) 44(64) 37(127) 54(142) 71(204) 23(245) 43(264) 1(300)
OuDoor #1: 60(302) 50(320) 44(327) 9(376) 20(390) 36(398) 45(405) 14(444) 69(452)
OuDoor #2: 72(37) 78(49) 12(55) 17(75) 29(311) 21(361) 19(444) 15(488)
OuDoor #3: 75(117) 73(129) 46(199) 26(206) 54(215) 67(227) 63(375) 10(462)
OuDoor #4: 66(207) 47(227) 18(238) 55(267) 3(272) 8(277) 62(486)
OuDoor #5: 76(116) 32(234) 1(243) 4(253) 43(289) 40(322) 52(423) 13(460) 22(469) 68(491)
OuDoor #6: 33(279) 77(285) 65(344) 70(351) 59(360) 48(376) 35(429)
OuDoor #7: 27(305) 30(362) 2(372) 57(393) 6(399) 53(409) 11(421) 28(476)
OuDoor #8: 39(157) 61(163) 56(172) 25(182) 0(399) 71(476) 7(483)
OuDoor #9: 23(101) 37(157) 42(163) 34(193) 16(199) 24(248) 5(391) 74(526)
OuDoor #10: 64(125) 58(474) 49(482) 79(489) 31(496) 51(503) 38(512) 41(517)
Cost 374892.26
DetCost 369333
Time 589.74
InDoor #1: 3(9) 28(30) 74(53) 40(63) 58(72) 27(93) 66(122) 68(293)
InDoor #2: 63(39) 75(49) 9(193) 45(286) 31(357) 46(439) 51(466) 34(475)
InDoor #3: 32(88) 5(94) 59(169) 64(214) 4(224) 60(287) 79(371) 39(471)
InDoor #4: 6(12) 20(31) 70(50) 11(130) 71(204) 35(274) 19(437) 17(446)
InDoor #5: 36(24) 22(147) 47(250) 13(264) 65(274) 1(300) 0(326) 41(333) 21(454)
InDoor #6: 14(14) 69(89) 54(142) 61(200) 23(245) 43(264) 29(335)
InDoor #7: 15(61) 57(75) 62(100) 7(107) 37(127) 53(137) 48(162) 33(184) 67(228)
InDoor #8: 38(33) 44(64) 12(77) 72(141) 25(157) 2(205) 52(329) 77(340)
InDoor #9: 16(103) 30(339) 78(347) 76(366) 10(373) 55(404) 42(426) 50(445)
InDoor #10: 49(65) 73(123) 8(240) 18(249) 24(364) 26(395) 56(432)
OuDoor #1: 76(116) 1(244) 4(253) 40(303) 29(311) 6(384) 13(456) 10(462)
OuDoor #2: 34(194) 46(200) 66(207) 27(305) 63(375) 22(469) 49(482) 15(488)
OuDoor #3: 26(206) 60(302) 50(317) 44(324) 9(376) 28(477) 31(484) 68(491)
OuDoor #4: 54(215) 32(224) 18(238) 43(278) 77(285) 2(359) 71(479) 62(486)
OuDoor #5: 17(75) 42(163) 8(277) 70(351) 7(473) 51(497) 41(506) 74(526)
OuDoor #6: 78(48) 12(55) 23(101) 24(248) 21(352) 53(413) 69(425) 35(432) 79(502)
OuDoor #7: 73(129) 16(199) 59(360) 5(390) 20(397) 57(405) 58(498)
OuDoor #8: 72(48) 75(116) 64(126) 37(154) 61(160) 39(167) 56(173) 25(182) 67(227)
OuDoor #9: 47(235) 3(265) 55(270) 33(276) 30(372) 52(423) 19(444)
OuDoor #10: 65(349) 48(376) 45(381) 36(392) 0(399) 11(420) 14(444) 38(520)
Cost 374442.67
DetCost 369772
Time 1607.26
InDoor #1: 25(157) 33(184) 61(200) 71(207) 23(245) 18(252) 13(264) 43(274)
InDoor #2: 14(14) 28(30) 63(39) 73(123) 54(142) 48(162) 35(274) 45(286)
InDoor #3: 5(74) 62(100) 37(127) 22(147) 60(287) 77(340) 26(395) 42(426)
InDoor #4: 38(33) 57(75) 12(84) 2(205) 64(214) 65(274) 68(293) 29(335)
InDoor #5: 40(46) 27(93) 9(193) 8(240) 41(330) 76(366) 10(373) 56(432) 21(454)
InDoor #6: 16(103) 66(122) 67(228) 78(330) 0(339) 24(364) 46(439) 34(458)
InDoor #7: 20(31) 36(36) 32(88) 72(141) 31(357) 19(437) 39(471)
InDoor #8: 69(89) 49(95) 53(121) 59(169) 1(300) 55(404) 17(442) 51(466)
InDoor #9: 3(9) 6(16) 74(53) 75(63) 4(224) 47(250) 52(329) 50(445)
InDoor #10: 15(61) 70(68) 58(77) 44(83) 7(102) 11(130) 30(339) 79(371)
OuDoor #1: 16(199) 33(273) 40(309) 50(317) 44(324) 6(399) 7(478) 71(489)
OuDoor #2: 42(163) 25(182) 47(223) 32(229) 3(267) 55(273) 77(285) 27(305)
OuDoor #3: 18(238) 43(279) 60(302) 53(385) 0(399) 45(405) 11(420) 14(444) 69(452)
OuDoor #4: 67(227) 29(311) 59(360) 30(366) 35(429) 19(444) 74(526)
OuDoor #5: 12(55) 76(116) 73(129) 46(200) 66(207) 54(213) 5(391) 22(467) 28(473)
OuDoor #6: 26(206) 1(239) 24(248) 2(353) 21(361) 48(376) 10(462)
OuDoor #7: 61(163) 63(375) 52(423) 13(460) 62(475) 31(484) 68(491) 41(505)
OuDoor #8: 23(101) 65(344) 70(351) 36(394) 57(401) 58(471) 49(480) 15(488) 79(502)
OuDoor #9: 78(42) 72(48) 17(81) 64(119) 75(124) 39(165) 56(176) 4(250)
OuDoor #10: 37(172) 34(198) 8(277) 9(376) 20(398) 38(503) 51(508)
Cost 373005.98
DetCost 369796
Time 1729.98
InDoor #1: 7(102) 53(121) 33(184) 2(205) 8(240) 18(249) 68(293) 52(329)
InDoor #2: 37(127) 54(142) 64(214) 60(287) 78(330) 76(366) 50(445) 34(458) 51(466)
InDoor #3: 22(147) 47(250) 43(264) 45(286) 1(300) 24(364) 10(373) 39(471)
InDoor #4: 73(123) 61(200) 13(264) 77(340) 55(404) 17(442) 21(454)
InDoor #5: 44(64) 23(245) 65(274) 0(326) 30(339) 31(357) 79(371) 26(395) 19(437)
InDoor #6: 15(61) 40(68) 58(77) 49(83) 25(157) 59(169) 71(204) 56(432)
InDoor #7: 28(30) 14(37) 75(49) 32(88) 29(335) 42(426) 46(439)
InDoor #8: 12(77) 57(83) 16(103) 48(162) 9(193) 4(224) 35(274) 41(330)
InDoor #9: 6(12) 3(22) 38(33) 36(43) 63(53) 5(74) 69(89) 72(141)
InDoor #10: 20(31) 74(53) 70(63) 27(93) 62(101) 66(122) 11(132) 67(228)
OuDoor #1: 64(119) 75(124) 56(189) 16(199) 18(235) 32(240) 29(311) 5(392)
OuDoor #2: 47(222) 67(227) 53(413) 35(429) 71(481) 15(488) 41(499) 51(508)
OuDoor #3: 37(157) 42(163) 27(305) 48(376) 0(395) 52(423) 79(483) 68(491)
OuDoor #4: 3(267) 33(272) 8(277) 40(309) 50(317) 44(324) 70(351) 62(475)
OuDoor #5: 46(191) 34(198) 1(244) 4(253) 43(278) 77(285) 63(375) 57(399)
OuDoor #6: 39(167) 59(360) 9(376) 11(421) 69(438) 14(444) 49(478) 7(483)
OuDoor #7: 25(182) 55(270) 21(348) 65(357) 19(444) 13(456) 10(462) 28(473)
OuDoor #8: 72(48) 17(75) 66(207) 6(390) 36(395) 45(402) 22(469) 38(520)
OuDoor #9: 12(55) 23(101) 73(129) 61(163) 26(206) 54(215) 60(302) 2(359) 30(369)
OuDoor #10: 78(57) 76(116) 24(248) 20(398) 58(485) 74(493) 31(499)
Cost 373831.89
DetCost 369296
Time 1700.04
InDoor #1: 27(93) 53(121) 73(131) 35(274) 52(329) 56(432) 51(466)
InDoor #2: 63(39) 72(141) 2(205) 1(300) 31(357) 10(369) 42(426) 46(439) 39(471)
InDoor #3: 69(89) 54(142) 64(214) 65(274) 78(330) 24(364) 76(373)
InDoor #4: 58(58) 32(88) 7(102) 22(147) 67(228) 41(330) 79(371) 17(442) 34(458)
InDoor #5: 28(30) 75(49) 62(100) 66(122) 48(162) 68(293) 55(404) 19(437)
InDoor #6: 74(53) 16(103) 37(127) 25(157) 61(200) 8(240) 47(250) 45(286)
InDoor #7: 14(14) 18(243) 60(287) 0(326) 77(340) 50(445) 21(454)
InDoor #8: 38(33) 70(50) 15(61) 49(68) 57(75) 44(84) 5(93) 9(193) 13(264) 29(335)
InDoor #9: 6(12) 20(31) 12(77) 59(169) 4(224) 43(264) 30(339) 26(395)
InDoor #10: 3(9) 36(24) 40(46) 11(130) 33(184) 71(204) 23(245)
OuDoor #1: 17(75) 76(116) 5(389) 14(444) 10(462) 58(472) 31(480) 15(488)
OuDoor #2: 60(302) 40(322) 65(344) 70(351) 21(356) 2(365) 63(375) 68(491)
OuDoor #3: 23(101) 37(157) 61(163) 56(176) 67(227) 18(236) 19(444) 28(473)
OuDoor #4: 73(129) 42(163) 3(267) 9(376) 45(389) 20(398) 13(460) 22(469) 7(474)
OuDoor #5: 25(182) 24(248) 29(311) 6(390) 36(395) 57(402) 69(451)
OuDoor #6: 47(222) 1(231) 32(240) 27(305) 50(331) 52(423) 51(501) 79(510)
OuDoor #7: 78(43) 72(48) 75(117) 64(127) 39(171) 34(198) 26(206) 4(253) 0(399)
OuDoor #8: 46(200) 66(207) 54(213) 33(272) 8(277) 48(366) 30(371)
OuDoor #9: 43(278) 77(285) 44(324) 59(360) 53(406) 11(420) 35(430) 71(483)
OuDoor #10: 12(55) 16(199) 55(270) 49(480) 62(485) 38(512) 41(517) 74(526)
Cost 374411.31
DetCost 369448
Time 510.80
InDoor #1: 38(33) 58(58) 69(89) 73(123) 25(157) 33(184) 0(326) 78(333) 30(342)
InDoor #2: 49(65) 5(74) 44(82) 12(91) 53(121) 72(141) 48(162) 42(426)
InDoor #3: 20(31) 67(228) 68(293) 77(340) 26(395) 56(432) 19(441) 21(454)
InDoor #4: 2(205) 52(329) 24(364) 55(404) 46(439) 50(448) 51(466)
InDoor #5: 57(75) 61(200) 64(214) 23(245) 35(274) 29(335) 31(357) 79(371)
InDoor #6: 36(24) 15(61) 70(68) 32(88) 37(127) 66(137) 59(169) 65(274) 39(471)
InDoor #7: 6(12) 40(46) 7(102) 9(193) 4(224) 47(250) 60(287)
InDoor #8: 75(49) 62(100) 18(243) 43(264) 45(286) 41(330) 17(442) 34(458)
InDoor #9: 3(9) 28(30) 63(39) 27(93) 16(103) 11(130) 54(142) 71(204) 8(240)
InDoor #10: 14(14) 74(53) 22(147) 13(264) 1(300) 10(369) 76(379)
OuDoor #1: 23(101) 75(118) 64(128) 61(163) 46(191) 16(199) 33(279) 19(444)
OuDoor #2: 12(55) 17(79) 37(164) 56(173) 25(182) 21(354) 53(409) 11(421) 22(469)
OuDoor #3: 72(48) 67(227) 1(239) 24(248) 9(376) 69(438) 14(444) 15(488)
OuDoor #4: 60(302) 59(360) 48(376) 5(392) 52(423) 13(456) 10(462)
OuDoor #5: 43(279) 40(303) 29(311) 65(344) 70(351) 2(357) 30(365) 63(375) 35(429)
OuDoor #6: 26(206) 71(484) 68(491) 58(497) 74(505) 38(511) 41(516)
OuDoor #7: 73(129) 66(207) 50(331) 6(386) 20(391) 0(399) 7(473) 62(481)
OuDoor #8: 76(116) 54(215) 32(224) 47(233) 18(238) 77(285) 27(305) 28(475)
OuDoor #9: 78(57) 42(162) 39(172) 34(198) 4(253) 57(393) 36(399) 31(496)
OuDoor #10: 3(267) 55(272) 8(277) 44(324) 45(394) 79(481) 49(488) 51(508)
Cost 375448.53
DetCost 369795
Time 1730.84
InDoor #1: 75(49) 16(103) 37(127) 22(147) 18(243) 1(300) 52(329) 55(404)
InDoor #2: 70(50) 69(89) 54(142) 9(193) 23(245) 68(293) 78(330) 30(339)
InDoor #3: 36(24) 14(34) 28(40) 63(47) 74(56) 32(88) 2(205) 4(224)
InDoor #4: 49(65) 57(75) 58(84) 62(100) 10(369) 42(426) 17(442) 21(454)
InDoor #5: 7(102) 73(123) 11(133) 43(264) 35(274) 24(364) 46(439) 51(466)
InDoor #6: 44(64) 71(204) 41(330) 76(366) 56(432) 19(441) 34(458) 39(471)
InDoor #7: 6(12) 40(46) 15(61) 27(93) 65(274) 77(340) 79(371) 50(445)
InDoor #8: 3(9) 20(31) 72(141) 25(157) 59(169) 61(200) 13(264) 60(287) 29(335)
InDoor #9: 38(33) 5(74) 12(82) 66(122) 33(184) 67(228) 8(240) 45(286)
InDoor #10: 53(121) 48(162) 64(214) 47(250) 0(326) 31(357) 26(395)
OuDoor #1: 75(118) 64(128) 37(157) 42(163) 54(215) 3(265) 33(270) 70(348)
OuDoor #2: 72(48) 23(101) 73(129) 66(207) 47(222) 67(227) 29(311) 52(423) 28(473)
OuDoor #3: 17(75) 26(206) 5(385) 0(392) 20(398) 53(406) 36(414) 19(444)
OuDoor #4: 13(460) 22(467) 7(472) 71(479) 62(486) 38(497) 79(502)
OuDoor #5: 60(299) 48(376) 45(381) 6(396) 14(444) 10(462) 31(477) 15(488)
OuDoor #6: 78(57) 76(116) 39(165) 4(253) 43(286) 40(309) 50(317) 44(324) 68(491)
OuDoor #7: 56(173) 25(182) 34(196) 21(344) 65(353) 59(360) 30(365)
OuDoor #8: 12(55) 32(229) 18(238) 55(268) 8(277) 57(399) 69(451) 49(482)
OuDoor #9: 61(163) 16(199) 1(239) 24(248) 77(285) 27(305) 2(359) 9(376)
OuDoor #10: 46(204) 63(375) 11(420) 35(430) 58(487) 51(501) 74(510) 41(516)
Cost 374343.76
DetCost 370054
Time 1666.78
InDoor #1: 74(53) 70(63) 48(162) 71(204) 18(243) 45(286) 26(395) 17(442) 34(458)
InDoor #2: 66(122) 53(132) 25(157) 59(169) 9(193) 60(287) 31(357) 10(369)
InDoor #3: 20(31) 28(36) 75(49) 44(64) 49(73) 78(330) 30(339) 79(371)
InDoor #4: 57(75) 5(84) 7(102) 2(205) 64(214) 76(366) 42(426) 19(437) 39(471)
InDoor #5: 4(224) 47(250) 35(274) 0(326) 77(340) 24(364) 56(432) 51(466)
InDoor #6: 32(88) 72(141) 67(228) 65(274) 41(330) 55(404) 46(439)
InDoor #7: 69(89) 11(130) 73(136) 23(245) 13(264) 1(300) 29(335) 21(454)
InDoor #8: 6(12) 38(33) 58(58) 16(103) 33(184) 61(200) 8(240) 50(445)
InDoor #9: 3(9) 36(24) 14(34) 40(46) 63(55) 12(77) 54(142) 43(264)
InDoor #10: 15(61) 27(93) 62(101) 37(127) 22(147) 68(293) 52(329)
OuDoor #1: 39(171) 56(180) 34(193) 46(199) 26(206) 27(305) 11(420) 51(508)
OuDoor #2: 25(182) 66(207) 54(213) 47(221) 32(226) 18(238) 33(280) 65(355) 63(375)
OuDoor #3: 17(75) 9(375) 6(385) 45(390) 0(399) 19(444) 69(451)
OuDoor #4: 78(57) 64(119) 75(124) 61(163) 37(170) 67(227) 22(469) 68(491)
OuDoor #5: 24(248) 59(360) 48(376) 5(390) 35(432) 14(444) 41(505)
OuDoor #6: 12(55) 60(302) 53(410) 52(423) 10(462) 7(474) 79(481) 15(488) 38(520)
OuDoor #7: 23(101) 4(253) 8(277) 57(401) 13(460) 58(470) 71(478) 62(485)
OuDoor #8: 73(129) 16(199) 40(315) 50(323) 44(330) 49(476) 28(481) 74(526)
OuDoor #9: 72(48) 76(116) 43(278) 77(285) 21(351) 36(392) 20(399) 31(496)
OuDoor #10: 42(163) 3(259) 1(264) 55(273) 29(311) 70(348) 2(360) 30(372)
Cost 374715.60
DetCost 369320
Time 1281.40
InDoor #1: 3(9) 40(46) 70(55) 74(64) 57(75) 5(84) 16(103) 33(184)
InDoor #2: 28(30) 36(37) 49(65) 11(130) 25(157) 4(224) 1(300) 55(404)
InDoor #3: 75(49) 37(127) 72(141) 8(240) 18(249) 13(264) 0(326) 76(366)
InDoor #4: 6(12) 63(39) 15(61) 44(68) 12(77) 62(100) 48(162) 59(170) 47(250)
InDoor #5: 54(142) 22(150) 61(200) 65(274) 45(286) 41(330) 51(466)
InDoor #6: 14(14) 7(102) 66(122) 60(287) 31(357) 79(371) 56(432) 50(445) 39(471)
InDoor #7: 9(193) 71(204) 35(274) 52(329) 24(364) 42(426) 46(439) 34(458)
InDoor #8: 20(31) 69(89) 32(95) 53(121) 68(293) 10(369) 17(442) 21(454)
InDoor #9: 27(93) 2(205) 64(214) 23(245) 29(335) 78(343) 30(352) 19(437)
InDoor #10: 38(33) 58(58) 73(123) 67(228) 43(264) 77(340) 26(395)
OuDoor #1: 37(157) 61(163) 25(182) 16(199) 2(360) 79(476) 31(486) 49(493)
OuDoor #2: 72(48) 73(129) 39(163) 9(375) 36(385) 5(392) 52(423) 28(478)
OuDoor #3: 4(253) 8(277) 21(350) 69(431) 35(440) 51(499) 74(508) 41(514)
OuDoor #4: 75(115) 64(125) 77(285) 44(324) 0(399) 53(413) 58(466) 7(474)
OuDoor #5: 78(57) 42(163) 56(175) 46(190) 34(197) 55(267) 27(305) 15(488)
OuDoor #6: 26(206) 65(344) 70(351) 63(375) 6(384) 14(444) 10(462) 68(491)
OuDoor #7: 66(207) 54(213) 50(315) 40(322) 48(376) 20(398) 19(444) 62(474)
OuDoor #8: 23(101) 32(224) 47(233) 18(238) 60(302) 59(360) 30(369) 13(460) 71(479)
OuDoor #9: 12(55) 17(79) 76(116) 67(227) 3(267) 29(311) 11(421)
OuDoor #10: 1(239) 24(248) 43(273) 33(280) 45(386) 57(395) 22(469) 38(520)
Cost 373609.13
DetCost 369274
Time 1686.53
