InDoor #1: 6(92) 5(154) 9(193) 18(243) 2(285) 20(431) 24(444) 15(461) 17(522)
InDoor #2: 19(37) 1(60) 14(94) 4(144) 11(210) 25(237) 0(246) 16(343) 7(351)
InDoor #3: 13(104) 12(237) 3(249) 23(256) 10(369) 21(379) 8(400) 22(467) 26(475) 27(493)
OuDoor #1: 4(145) 11(166) 5(206) 24(231) 1(241) 18(297) 26(306) 20(428) 10(436)
OuDoor #2: 25(55) 16(-1) 9(76) 13(86) 0(112) 12(145) 8(258) 6(292) 17(422) 7(600)
OuDoor #3: 19(123) 23(434) 27(443) 21(466) 14(472) 22(545) 2(567) 15(575) 3(580)
Cost 65003.48
DetCost 64521
Time 220.34
InDoor #1: 19(37) 1(60) 14(94) 5(154) 9(193) 18(243) 2(285) 10(369) 27(493)
InDoor #2: 13(104) 11(210) 25(237) 23(246) 16(343) 24(444) 15(461) 22(468) 26(475) 17(522)
InDoor #3: 6(92) 4(144) 12(237) 0(246) 3(253) 7(342) 21(374) 8(400) 20(431)
OuDoor #1: 25(55) 5(206) 6(292) 26(306) 17(408) 10(418) 20(428) 22(545) 3(585)
OuDoor #2: 19(123) 12(136) 4(145) 8(258) 18(299) 21(466) 14(472) 15(567) 2(572)
OuDoor #3: 13(86) 16(-1) 0(112) 9(124) 11(166) 24(231) 1(241) 27(443) 23(448) 7(600)
Cost 65003.48
DetCost 64521
Time 102.21
InDoor #1: 19(37) 13(104) 11(210) 16(343) 8(400) 24(444) 22(467) 15(474) 27(493)
InDoor #2: 1(60) 14(94) 12(237) 23(245) 18(252) 3(261) 10(369) 20(431) 26(475)
InDoor #3: 6(92) 5(154) 4(162) 9(193) 25(237) 0(246) 2(285) 7(342) 21(374) 17(522)
OuDoor #1: 9(-1) 25(55) 13(86) 19(123) 11(150) 16(160) 1(231) 24(239) 26(306)
OuDoor #2: 4(139) 12(145) 18(299) 20(428) 21(466) 14(472) 22(545) 15(575) 3(580)
OuDoor #3: 0(112) 5(206) 8(258) 6(292) 17(414) 10(424) 23(434) 27(443) 2(572) 7(600)
Cost 65003.48
DetCost 64521
Time 92.88
InDoor #1: 14(94) 4(144) 0(246) 20(431) 22(467) 15(474) 26(481) 27(493) 17(522)
InDoor #2: 19(37) 13(104) 11(210) 25(237) 23(246) 3(253) 2(285) 7(342) 16(347) 21(374)
InDoor #3: 1(60) 6(92) 5(154) 9(193) 12(237) 18(243) 10(369) 8(400) 24(444)
OuDoor #1: 16(160) 26(306) 17(418) 20(428) 14(486) 2(567) 15(575) 3(580) 7(600)
OuDoor #2: 9(-1) 25(55) 19(123) 12(136) 4(145) 11(166) 8(258) 6(292) 18(299) 21(466)
OuDoor #3: 13(86) 0(112) 5(206) 24(231) 1(241) 27(431) 10(436) 23(449) 22(545)
Cost 65003.48
DetCost 64521
Time 178.23
InDoor #1: 1(60) 13(104) 9(193) 18(243) 23(252) 2(285) 7(342) 16(347) 26(475)
InDoor #2: 19(37) 14(94) 4(144) 11(210) 12(237) 21(374) 24(444) 15(461) 17(522)
InDoor #3: 6(92) 5(154) 25(237) 0(246) 3(253) 10(369) 8(400) 20(431) 22(467) 27(493)
OuDoor #1: 16(-1) 19(123) 4(145) 5(206) 24(239) 23(434) 27(443) 21(466) 15(575)
OuDoor #2: 25(55) 13(86) 0(112) 9(124) 6(290) 18(297) 26(306) 2(572) 3(585)
OuDoor #3: 12(145) 11(154) 1(241) 8(258) 17(408) 10(418) 20(428) 14(486) 22(545) 7(600)
Cost 65003.48
DetCost 64521
Time 110.12
InDoor #1: 19(37) 6(92) 14(102) 4(144) 25(237) 18(246) 0(255) 23(262) 2(285) 17(522)
InDoor #2: 13(104) 5(154) 12(237) 3(249) 7(342) 16(347) 21(374) 10(382) 8(400)
InDoor #3: 1(60) 9(193) 11(210) 24(444) 20(453) 15(461) 26(475) 22(485) 27(493)
OuDoor #1: 25(55) 16(-1) 13(86) 0(112) 9(124) 8(258) 20(428) 2(572) 3(585)
OuDoor #2: 19(123) 12(136) 4(145) 11(166) 10(424) 23(434) 27(443) 22(545) 7(600)
OuDoor #3: 5(206) 24(231) 1(241) 6(290) 18(297) 26(306) 17(422) 21(466) 14(472) 15(575)
Cost 65003.48
DetCost 64521
Time 98.12
InDoor #1: 1(60) 6(92) 9(193) 25(237) 0(246) 7(342) 21(374) 10(382) 15(461)
InDoor #2: 19(37) 13(104) 11(210) 12(237) 18(243) 23(252) 3(259) 2(285) 16(343) 17(522)
InDoor #3: 14(94) 4(144) 5(154) 8(400) 20(431) 24(444) 22(467) 26(475) 27(493)
OuDoor #1: 5(206) 8(258) 17(422) 27(443) 23(448) 21(466) 22(545) 15(567) 2(572)
OuDoor #2: 25(55) 13(86) 16(-1) 9(96) 0(112) 19(123) 24(231) 1(241) 14(486)
OuDoor #3: 12(136) 4(145) 11(166) 6(290) 18(297) 26(306) 10(418) 20(428) 3(585) 7(600)
Cost 65003.48
DetCost 64521
Time 675.89
InDoor #1: 19(37) 1(60) 13(104) 4(144) 12(237) 0(246) 18(253) 23(262) 7(342)
InDoor #2: 6(92) 5(154) 25(237) 3(249) 2(285) 16(343) 8(400) 20(431) 24(444)
InDoor #3: 14(94) 9(193) 11(210) 21(374) 10(382) 15(461) 26(475) 22(485) 27(493) 17(522)
OuDoor #1: 9(-1) 25(55) 16(-1) 19(123) 11(166) 18(283) 6(292) 26(306) 2(572)
OuDoor #2: 13(86) 12(136) 4(145) 24(239) 8(258) 17(422) 21(466) 15(575) 7(600)
OuDoor #3: 0(112) 5(206) 1(241) 10(418) 20(428) 27(443) 23(448) 14(486) 22(545) 3(585)
Cost 65003.48
DetCost 64521
Time 1011.64
InDoor #1: 19(37) 1(60) 4(144) 5(154) 11(210) 0(246) 22(467) 27(493) 17(522)
InDoor #2: 13(104) 25(237) 18(246) 3(255) 2(285) 21(374) 8(400) 15(461) 26(475)
InDoor #3: 6(92) 14(102) 9(193) 12(237) 23(245) 7(342) 16(347) 10(369) 20(431) 24(444)
OuDoor #1: 25(55) 24(239) 17(418) 20(428) 14(486) 2(567) 15(575) 3(580) 7(600)
OuDoor #2: 19(123) 8(258) 6(292) 18(299) 10(433) 27(443) 23(448) 21(466) 22(545)
OuDoor #3: 13(86) 9(96) 0(111) 12(134) 4(144) 11(150) 16(160) 5(206) 1(241) 26(306)
Cost 65003.48
DetCost 64521
Time 525.33
InDoor #1: 1(60) 14(94) 5(154) 9(193) 18(243) 16(343) 21(374) 27(493) 17(522)
InDoor #2: 19(37) 6(92) 11(210) 25(237) 23(246) 0(253) 3(260) 2(285) 7(342) 8(400)
InDoor #3: 13(104) 4(144) 12(237) 10(369) 20(431) 24(444) 15(461) 26(475) 22(485)
OuDoor #1: 13(86) 9(96) 16(-1) 0(112) 11(166) 5(206) 17(422) 23(449) 22(545)
OuDoor #2: 25(55) 8(258) 20(423) 27(431) 10(436) 14(486) 2(572) 3(585) 7(600)
OuDoor #3: 19(123) 12(136) 4(145) 24(231) 1(241) 6(290) 18(297) 26(306) 21(466) 15(575)
Cost 65003.48
DetCost 64521
Time 25.49
