InDoor #1: 23(5) 17(22) 12(32) 7(42) 6(192)
InDoor #2: 5(14) 3(69) 16(103) 20(151) 11(250)
InDoor #3: 19(17) 24(124) 13(144) 0(154) 27(161)
InDoor #4: 14(14) 22(147) 4(164) 1(240) 10(249)
InDoor #5: 2(25) 28(33) 21(94) 9(133) 29(155) 15(241)
InDoor #6: 8(60) 18(243) 26(275) 25(285)
OuDoor #1: 2(91) 1(97) 9(218) 8(277) 16(307)
OuDoor #2: 20(88) 12(117) 3(130) 21(175) 22(184) 14(337)
OuDoor #3: 28(149) 17(166) 25(183) 15(227)
OuDoor #4: 26(111) 11(165) 24(175) 4(263) 6(274)
OuDoor #5: 19(52) 7(58) 29(65) 10(246) 27(263)
OuDoor #6: 23(76) 5(270) 0(282) 13(291) 18(310)
Cost 53210.04
DetCost 52896
Time 1309.30
InDoor #1: 12(17) 17(23) 7(42) 24(124) 15(241) 10(249)
InDoor #2: 14(14) 22(147) 27(154) 6(192)
InDoor #3: 23(5) 5(14) 28(30) 3(69) 16(103) 29(155)
InDoor #4: 18(243) 11(252) 26(275) 25(285)
InDoor #5: 19(17) 8(60) 9(133) 0(146) 20(153) 1(240)
InDoor #6: 2(25) 21(94) 13(144) 4(164)
OuDoor #1: 2(101) 26(111) 28(149) 15(227) 6(274)
OuDoor #2: 1(97) 11(165) 9(218) 10(246) 0(282)
OuDoor #3: 7(71) 20(88) 12(117) 22(173) 21(183)
OuDoor #4: 24(173) 27(262) 5(271) 13(291) 14(337)
OuDoor #5: 19(67) 23(76) 4(263) 8(279) 16(307)
OuDoor #6: 29(65) 3(130) 17(166) 25(183) 18(310)
Cost 53211.04
DetCost 52897
Time 139.91
InDoor #1: 17(22) 24(124) 29(155) 15(241) 11(250)
InDoor #2: 14(14) 3(69) 9(133) 0(146) 6(192) 1(240)
InDoor #3: 19(17) 28(30) 8(60) 27(153) 26(275)
InDoor #4: 13(144) 20(154) 10(249) 25(277)
InDoor #5: 5(14) 23(22) 2(29) 16(103) 18(243)
InDoor #6: 12(17) 7(42) 21(94) 22(147) 4(164)
OuDoor #1: 7(71) 28(149) 15(227) 27(263) 14(337)
OuDoor #2: 1(79) 20(88) 9(218) 4(263) 0(270)
OuDoor #3: 23(76) 24(173) 22(181) 8(277) 13(291)
OuDoor #4: 3(130) 17(166) 21(183) 18(299) 16(307)
OuDoor #5: 2(101) 26(107) 12(117) 5(270) 6(277)
OuDoor #6: 29(65) 19(67) 11(165) 25(183) 10(246)
Cost 53211.04
DetCost 52897
Time 1005.46
InDoor #1: 7(42) 16(103) 13(144) 27(154) 4(164)
InDoor #2: 23(5) 5(14) 17(22) 8(60) 3(69) 21(94)
InDoor #3: 24(124) 22(147) 20(154) 6(192)
InDoor #4: 19(17) 2(26) 12(34) 0(146) 15(241) 11(250)
InDoor #5: 1(240) 10(249) 26(275) 25(285)
InDoor #6: 14(14) 28(30) 9(133) 29(155) 18(243)
OuDoor #1: 1(92) 2(101) 26(107) 12(117) 17(166) 15(227)
OuDoor #2: 23(76) 20(88) 22(173) 25(183)
OuDoor #3: 7(55) 29(65) 28(149) 11(165) 9(218)
OuDoor #4: 3(130) 24(173) 21(181) 8(273) 14(337)
OuDoor #5: 19(67) 4(263) 6(274) 13(291) 16(301) 18(310)
OuDoor #6: 10(246) 27(262) 5(271) 0(282)
Cost 53205.04
DetCost 52891
Time 1145.45
InDoor #1: 14(14) 9(133) 0(146) 4(164) 11(250) 26(275)
InDoor #2: 12(17) 21(94) 15(241) 10(249)
InDoor #3: 16(103) 13(144) 20(154) 1(240) 25(277)
InDoor #4: 2(25) 17(33) 28(43) 22(147) 27(154)
InDoor #5: 19(17) 5(26) 7(42) 8(60) 6(192)
InDoor #6: 23(5) 3(69) 24(124) 29(155) 18(243)
OuDoor #1: 19(61) 29(65) 2(101) 25(183) 8(273) 13(291)
OuDoor #2: 22(173) 21(183) 27(262) 6(274) 18(310)
OuDoor #3: 26(105) 12(117) 17(165) 24(173) 16(307)
OuDoor #4: 1(97) 11(165) 4(266) 14(337)
OuDoor #5: 7(66) 23(76) 9(217) 15(227) 10(237)
OuDoor #6: 20(88) 3(130) 28(149) 5(270) 0(282)
Cost 53207.57
DetCost 52892
Time 1369.80
InDoor #1: 8(60) 9(133) 15(241) 10(249) 26(275) 25(285)
InDoor #2: 16(103) 21(111) 4(164) 27(173) 6(192)
InDoor #3: 7(42) 28(47) 24(124) 1(240)
InDoor #4: 19(17) 12(26) 13(144) 20(154) 29(159)
InDoor #5: 5(14) 2(25) 3(69) 22(147) 11(250)
InDoor #6: 14(14) 23(20) 17(27) 0(146) 18(243)
OuDoor #1: 19(67) 23(76) 22(173) 21(183) 6(274) 13(291)
OuDoor #2: 12(117) 9(218) 10(246) 27(263)
OuDoor #3: 2(101) 3(130) 28(149) 25(183) 4(263)
OuDoor #4: 20(88) 17(165) 24(173) 0(269) 8(277)
OuDoor #5: 29(65) 1(74) 7(83) 11(165) 15(227)
OuDoor #6: 26(111) 5(270) 16(301) 18(310) 14(337)
Cost 53201.45
DetCost 52905
Time 1619.95
InDoor #1: 8(60) 24(124) 20(151) 10(249) 25(277)
InDoor #2: 14(14) 28(30) 7(42) 9(133) 13(144)
InDoor #3: 23(5) 0(146) 29(155) 1(240) 11(250)
InDoor #4: 5(14) 19(22) 12(31) 3(69) 27(153)
InDoor #5: 16(103) 22(147) 4(164) 6(192) 18(243)
InDoor #6: 17(22) 2(32) 21(94) 15(241) 26(275)
OuDoor #1: 29(65) 23(76) 1(97) 3(130) 28(149) 6(274)
OuDoor #2: 17(166) 21(175) 22(184) 27(263)
OuDoor #3: 24(173) 15(227) 4(263) 8(275) 14(337)
OuDoor #4: 7(57) 19(67) 2(75) 20(88) 26(111)
OuDoor #5: 12(117) 11(165) 25(183) 9(218) 10(246) 5(270)
OuDoor #6: 0(282) 13(291) 16(301) 18(310)
Cost 53206.04
DetCost 52892
Time 1466.47
InDoor #1: 5(14) 9(133) 13(144) 29(155) 1(240)
InDoor #2: 3(69) 16(103) 24(124) 22(147) 25(277)
InDoor #3: 23(5) 28(30) 7(42) 21(94) 27(153) 4(164)
InDoor #4: 12(17) 20(151) 15(241) 11(250)
InDoor #5: 14(14) 8(60) 0(146) 6(192) 18(243)
InDoor #6: 19(17) 17(26) 2(36) 10(249) 26(275)
OuDoor #1: 7(71) 3(130) 17(166) 15(227) 4(263)
OuDoor #2: 20(88) 2(101) 26(107) 12(117) 28(149) 11(165)
OuDoor #3: 19(62) 29(65) 25(183) 27(264)
OuDoor #4: 24(173) 10(246) 8(275) 18(299) 16(307)
OuDoor #5: 23(76) 22(173) 21(183) 9(218) 5(270)
OuDoor #6: 1(97) 6(273) 0(283) 13(291) 14(337)
Cost 53208.83
DetCost 52893
Time 1387.56
InDoor #1: 14(14) 3(69) 24(124) 29(155) 1(240)
InDoor #2: 16(103) 21(111) 0(146) 6(192) 25(277)
InDoor #3: 12(17) 23(23) 8(60) 20(151) 18(243)
InDoor #4: 5(14) 2(25) 9(133) 13(144) 15(241)
InDoor #5: 7(42) 22(147) 4(164) 11(250) 26(275)
InDoor #6: 19(17) 17(26) 28(36) 27(153) 10(249)
OuDoor #1: 20(88) 28(149) 24(173) 10(246) 4(263)
OuDoor #2: 26(105) 12(117) 9(217) 15(227) 27(263)
OuDoor #3: 7(66) 23(76) 22(184) 5(270) 16(307) 14(337)
OuDoor #4: 17(166) 21(174) 25(183) 0(282)
OuDoor #5: 19(59) 29(65) 11(165) 8(273) 13(291)
OuDoor #6: 2(91) 1(97) 3(130) 6(274) 18(310)
Cost 53204.04
DetCost 52890
Time 1579.25
InDoor #1: 5(14) 14(22) 3(69) 24(124) 18(243)
InDoor #2: 12(17) 16(103) 22(147) 29(155) 26(275)
InDoor #3: 23(5) 19(17) 28(30) 13(144) 6(192)
InDoor #4: 21(94) 9(133) 0(146) 27(153) 1(240)
InDoor #5: 17(22) 8(60) 20(151) 15(241) 11(250)
InDoor #6: 2(25) 7(42) 4(164) 10(249) 25(277)
OuDoor #1: 20(88) 28(149) 5(270) 18(310) 14(337)
OuDoor #2: 12(117) 3(130) 11(165) 15(227) 13(291)
OuDoor #3: 19(51) 7(57) 29(65) 17(166) 9(218)
OuDoor #4: 1(97) 26(111) 10(246) 4(263) 8(275)
OuDoor #5: 23(76) 2(101) 21(183) 27(263) 0(272)
OuDoor #6: 24(173) 25(181) 22(186) 6(274) 16(307)
Cost 53208.76
DetCost 52894
Time 431.55
