InDoor #1: 98(53) 78(90) 91(119) 38(193) 61(203) 64(214) 88(347)
InDoor #2: 9(33) 28(38) 75(49) 10(55) 93(308) 94(344) 20(352)
InDoor #3: 90(41) 52(89) 33(104) 36(112) 3(169) 65(274) 92(378)
InDoor #4: 1(140) 22(148) 84(176) 42(186) 46(199) 82(213) 44(224)
InDoor #5: 97(78) 56(112) 40(126) 99(188) 31(197) 72(221) 29(255) 35(274)
InDoor #6: 43(24) 73(43) 51(66) 26(75) 86(120) 17(125) 58(138) 95(144) 54(222)
InDoor #7: 81(33) 77(260) 39(311) 83(346) 50(365)
InDoor #8: 4(64) 34(138) 5(314) 41(330) 13(344) 37(367)
InDoor #9: 30(19) 49(65) 87(72) 6(92) 53(121) 71(131) 21(294)
InDoor #10: 2(125) 70(133) 15(142) 8(160) 47(250) 48(322) 57(395)
InDoor #11: 0(246) 69(253) 27(259) 85(291) 66(298) 68(373)
InDoor #12: 96(88) 16(103) 24(124) 63(359) 74(373)
InDoor #13: 14(14) 62(260) 55(324) 89(330) 12(340)
InDoor #14: 59(9) 23(18) 80(32) 45(46) 32(88) 76(366) 79(373)
InDoor #15: 60(47) 11(57) 25(77) 19(117) 67(228) 18(243) 7(342)
OuDoor #1: 19(81) 92(217) 79(335) 4(361) 11(369) 75(393)
OuDoor #2: 96(199) 82(206) 97(218) 68(224) 14(238)
OuDoor #3: 25(46) 67(63) 0(107) 26(115) 72(185) 56(377) 16(399)
OuDoor #4: 89(160) 15(165) 85(173) 18(183) 87(188) 62(220) 86(238)
OuDoor #5: 45(61) 46(97) 93(115) 35(150) 31(156) 28(165) 32(172)
OuDoor #6: 81(81) 38(88) 47(114) 21(134) 95(165) 5(424)
OuDoor #7: 63(359) 66(382) 8(391) 20(396) 10(404) 48(414)
OuDoor #8: 51(253) 70(260) 90(280) 23(321) 34(328) 43(363) 33(386)
OuDoor #9: 77(93) 61(102) 27(108) 42(171) 99(181) 80(418) 64(424)
OuDoor #10: 76(107) 6(115) 78(144) 83(149) 39(155) 69(161) 22(170)
OuDoor #11: 3(174) 30(182) 84(256) 24(266) 2(271) 52(283) 73(310) 57(394)
OuDoor #12: 50(96) 98(101) 60(111) 94(119) 12(131) 36(349) 9(415)
OuDoor #13: 17(185) 71(192) 59(197) 88(240) 91(250) 29(305) 40(373)
OuDoor #14: 41(130) 65(280) 49(287) 44(404) 53(424) 74(433)
OuDoor #15: 13(379) 7(389) 1(394) 37(403) 55(409) 54(419) 58(442)
Cost 752281.55
DetCost 741257
Time 998.87
InDoor #1: 11(50) 81(56) 25(77) 96(88) 33(104) 19(117)
InDoor #2: 52(89) 36(104) 2(125) 58(138) 3(169) 42(186) 99(195) 61(200)
InDoor #3: 9(33) 60(47) 49(65) 87(72) 32(88) 40(126) 84(176)
InDoor #4: 14(14) 43(24) 1(140) 8(160) 72(221) 29(255) 68(373)
InDoor #5: 23(5) 73(43) 75(53) 97(78) 34(138) 95(145) 82(213) 67(228)
InDoor #6: 26(75) 16(103) 56(112) 46(199) 44(224) 18(243) 27(253)
InDoor #7: 10(49) 98(59) 78(90) 86(120) 70(130) 69(249)
InDoor #8: 51(66) 53(121) 71(131) 15(141) 47(250) 66(282) 12(317) 55(324)
InDoor #9: 30(19) 4(64) 77(260) 65(274) 35(283) 88(347) 37(367)
InDoor #10: 28(30) 90(41) 24(124) 22(147) 31(197) 79(371) 57(395)
InDoor #11: 59(9) 38(193) 62(260) 21(294) 13(344) 50(365)
InDoor #12: 17(122) 91(132) 64(214) 54(222) 0(246) 39(311) 63(359)
InDoor #13: 45(46) 6(92) 5(314) 48(322) 74(373)
InDoor #14: 80(32) 85(291) 93(308) 94(344) 83(352) 7(357)
InDoor #15: 89(330) 41(340) 20(351) 76(366) 92(378)
OuDoor #1: 92(217) 55(404) 48(414) 80(428) 58(434) 74(439)
OuDoor #2: 81(94) 41(130) 72(185) 96(200) 82(206) 88(245) 7(395)
OuDoor #3: 77(94) 0(103) 60(111) 83(150) 89(161) 87(188)
OuDoor #4: 25(46) 98(101) 26(115) 95(162) 42(172) 99(181) 97(236)
OuDoor #5: 46(97) 39(155) 28(165) 86(238) 8(399) 5(426)
OuDoor #6: 45(61) 3(169) 18(177) 30(182) 90(280)
OuDoor #7: 76(105) 93(112) 94(119) 12(125) 21(134) 68(224) 14(238)
OuDoor #8: 19(81) 38(88) 69(158) 15(166) 4(366)
OuDoor #9: 61(101) 50(107) 62(220) 84(260) 2(271) 52(283) 66(384)
OuDoor #10: 67(63) 35(141) 78(150) 22(170) 49(287) 63(359) 20(390) 37(398) 44(404)
OuDoor #11: 47(114) 31(163) 32(172) 43(363) 33(386) 64(418)
OuDoor #12: 85(175) 17(186) 71(192) 59(197) 70(245) 91(250) 40(373) 9(415)
OuDoor #13: 27(108) 65(266) 51(271) 23(318) 75(386) 57(394) 53(436)
OuDoor #14: 6(115) 24(271) 29(305) 73(310) 11(369) 10(376) 1(389)
OuDoor #15: 34(328) 79(333) 36(349) 13(371) 56(376) 54(394) 16(400)
Cost 751547.88
DetCost 740111
Time 960.60
InDoor #1: 80(32) 81(38) 28(47) 90(54) 91(119) 38(193)
InDoor #2: 97(78) 46(199) 64(214) 54(222) 66(282)
InDoor #3: 30(19) 43(27) 14(32) 75(49) 11(55) 25(77) 71(124) 72(221) 68(373)
InDoor #4: 99(188) 31(197) 82(213) 44(224) 29(255) 35(274) 21(294) 55(324) 37(367)
InDoor #5: 94(344) 20(352) 50(365)
InDoor #6: 9(33) 51(66) 32(88) 15(141) 3(169) 42(186) 61(200) 18(243) 65(274)
InDoor #7: 4(64) 26(75) 96(88) 36(104) 24(124) 70(133) 84(176) 88(347)
InDoor #8: 49(65) 52(89) 40(126) 69(249) 27(255) 62(263) 77(270)
InDoor #9: 98(53) 60(58) 16(103) 95(143) 0(246) 39(311) 89(330)
InDoor #10: 59(9) 1(140) 8(160) 85(291) 5(314) 12(322) 48(328)
InDoor #11: 17(122) 58(138) 34(144) 67(228) 47(250) 93(308) 92(378)
InDoor #12: 45(46) 78(90) 86(120) 83(346) 79(371) 57(395)
InDoor #13: 73(43) 10(53) 87(72) 6(92) 56(112) 53(121)
InDoor #14: 33(104) 19(117) 2(126) 22(147) 13(344) 74(373)
InDoor #15: 23(5) 41(330) 7(342) 63(359) 76(368)
OuDoor #1: 35(147) 68(224) 88(235) 51(251) 70(258)
OuDoor #2: 81(94) 14(238) 10(389) 48(399) 20(405)
OuDoor #3: 46(97) 91(226) 97(236) 66(384) 55(401) 74(411) 54(418) 53(436)
OuDoor #4: 69(167) 62(220) 86(238) 84(259) 24(271) 11(369) 33(386)
OuDoor #5: 67(41) 25(46) 45(59) 38(88) 98(101) 60(111)
OuDoor #6: 78(146) 3(177) 72(185) 82(206) 75(388) 8(399)
OuDoor #7: 12(131) 22(165) 17(175) 59(181) 87(188) 92(217)
OuDoor #8: 94(119) 23(321) 34(328) 79(333) 36(349) 4(366)
OuDoor #9: 76(107) 93(115) 42(170) 85(179) 65(273) 52(283) 73(310)
OuDoor #10: 26(115) 89(160) 95(165) 99(180) 90(272) 49(284) 44(404) 9(415)
OuDoor #11: 19(81) 31(156) 28(165) 7(390) 37(395) 16(401)
OuDoor #12: 0(106) 47(114) 21(134) 18(177) 30(182) 96(207) 2(271) 63(359)
OuDoor #13: 61(101) 27(108) 6(115) 41(130) 83(150) 29(305) 56(363) 40(373) 5(418)
OuDoor #14: 43(363) 13(375) 1(385) 57(394) 80(415) 58(421) 64(426)
OuDoor #15: 77(98) 50(107) 39(155) 15(164) 32(172) 71(192)
Cost 752059.69
DetCost 740598
Time 730.53
InDoor #1: 73(43) 71(124) 31(197) 67(228) 29(255) 35(274) 50(365)
InDoor #2: 81(33) 93(308) 12(317) 41(330) 20(351) 37(367)
InDoor #3: 52(89) 2(125) 95(143) 99(188) 64(214) 48(322) 55(330)
InDoor #4: 96(88) 56(112) 53(121) 34(138) 15(145) 27(253) 94(344)
InDoor #5: 23(5) 58(138) 8(160) 84(176) 54(222) 65(274) 13(344)
InDoor #6: 10(49) 45(59) 6(92) 1(140) 3(169) 0(246) 62(260)
InDoor #7: 14(14) 30(20) 51(66) 25(77) 17(122) 46(199) 82(213)
InDoor #8: 90(41) 4(64) 26(75) 78(90) 40(126) 89(330) 83(346)
InDoor #9: 49(65) 11(71) 32(88) 19(117) 91(126) 38(193) 57(395)
InDoor #10: 59(9) 28(30) 98(53) 36(104) 85(291) 21(298) 88(347)
InDoor #11: 43(24) 9(33) 70(130) 61(200) 47(250) 5(314) 92(378)
InDoor #12: 60(47) 97(78) 18(243) 69(252) 39(311) 79(371)
InDoor #13: 80(32) 22(147) 72(221) 66(282) 7(342) 63(359)
InDoor #14: 87(72) 16(103) 33(111) 24(124) 42(186) 74(373)
InDoor #15: 75(49) 86(120) 44(224) 77(260) 76(366) 68(373)
OuDoor #1: 82(206) 56(372) 66(382) 20(391) 8(399) 54(408)
OuDoor #2: 62(220) 11(369) 10(376) 33(386) 75(394) 9(415) 58(442)
OuDoor #3: 76(99) 0(106) 47(114) 83(148) 39(155) 95(160) 22(170)
OuDoor #4: 60(110) 26(115) 28(165) 70(247) 88(252) 49(286)
OuDoor #5: 31(157) 18(166) 42(171) 3(180) 87(188) 97(229) 43(363)
OuDoor #6: 19(81) 81(94) 27(108) 89(161) 72(185) 14(238) 7(395)
OuDoor #7: 6(115) 17(175) 99(181) 36(349) 63(359) 5(420)
OuDoor #8: 67(63) 38(88) 68(224) 23(321) 34(328) 4(366)
OuDoor #9: 41(130) 71(192) 24(271) 65(276) 52(283) 29(305)
OuDoor #10: 30(182) 73(310) 79(331) 37(402) 74(408) 53(417) 55(426)
OuDoor #11: 69(158) 15(166) 96(207) 92(217) 2(271) 90(280) 40(373)
OuDoor #12: 25(46) 46(97) 12(131) 59(191) 1(386) 48(395) 16(401)
OuDoor #13: 77(96) 98(105) 93(115) 32(169) 85(179) 91(228) 86(238) 44(401)
OuDoor #14: 45(61) 61(101) 50(107) 94(119) 13(376) 57(394) 80(435)
OuDoor #15: 21(134) 78(145) 35(150) 84(258) 51(268) 64(426)
Cost 751219.71
DetCost 740596
Time 1753.91
InDoor #1: 69(249) 12(317) 41(330) 88(347) 79(371) 57(395)
InDoor #2: 25(77) 27(253) 77(261) 35(274) 21(294) 7(342)
InDoor #3: 43(24) 78(90) 40(126) 67(228) 29(255) 62(263) 37(367)
InDoor #4: 96(88) 19(117) 2(126) 84(176) 94(344) 50(365) 92(378)
InDoor #5: 58(138) 3(169) 48(322) 20(351) 83(356) 63(361)
InDoor #6: 4(64) 52(89) 53(121) 1(140) 65(274) 85(291) 68(373)
InDoor #7: 60(47) 98(57) 51(66) 26(75) 95(143) 31(197) 76(366)
InDoor #8: 14(14) 23(20) 73(43) 97(78) 86(120) 24(125) 15(141)
InDoor #9: 9(33) 75(49) 49(65) 56(112) 70(130) 34(139) 22(147)
InDoor #10: 80(32) 28(38) 6(92) 17(122) 38(193) 82(213) 5(314)
InDoor #11: 10(49) 87(72) 71(124) 61(200) 64(214) 18(243) 47(252)
InDoor #12: 44(224) 0(246) 66(282) 93(308) 39(314) 55(324)
InDoor #13: 81(33) 16(103) 99(188) 42(193) 13(344) 74(373)
InDoor #14: 11(50) 32(88) 33(104) 91(119) 8(160) 46(199) 54(222)
InDoor #15: 59(9) 30(19) 90(41) 45(51) 36(104) 72(221) 89(330)
OuDoor #1: 81(94) 50(101) 76(107) 98(114) 35(149) 96(207) 20(398)
OuDoor #2: 26(115) 52(283) 37(402) 74(408) 5(416) 64(426)
OuDoor #3: 29(305) 23(316) 40(358) 4(366) 33(386) 8(399)
OuDoor #4: 60(110) 93(115) 41(130) 31(161) 22(170) 87(188) 16(399)
OuDoor #5: 83(150) 30(173) 18(180) 72(185) 1(385) 75(394)
OuDoor #6: 89(160) 95(165) 49(287) 73(310) 79(338) 11(369) 66(384)
OuDoor #7: 38(88) 46(97) 85(175) 65(280) 13(372) 56(377)
OuDoor #8: 25(46) 19(81) 21(134) 69(157) 28(165) 62(220) 10(393)
OuDoor #9: 47(114) 42(163) 32(172) 88(242) 9(415) 53(436)
OuDoor #10: 77(93) 61(102) 27(108) 6(115) 78(150) 39(155) 15(166) 7(395)
OuDoor #11: 59(185) 3(192) 14(238) 2(271) 90(280) 58(442)
OuDoor #12: 45(61) 0(115) 12(129) 68(224) 48(403) 55(409) 54(419)
OuDoor #13: 92(217) 51(248) 84(255) 24(268) 34(328) 43(363) 57(394)
OuDoor #14: 94(119) 99(181) 71(189) 17(197) 86(238) 70(248) 80(442)
OuDoor #15: 67(63) 82(206) 91(226) 97(236) 36(349) 63(359) 44(404)
Cost 751090.18
DetCost 739651
Time 1768.83
InDoor #1: 91(119) 46(199) 82(213) 0(246) 29(255) 65(274)
InDoor #2: 9(33) 11(50) 25(77) 40(126) 54(222) 21(294) 37(367)
InDoor #3: 6(92) 56(112) 71(124) 64(214) 20(351) 50(365)
InDoor #4: 14(14) 30(20) 38(193) 47(250) 94(344) 83(352)
InDoor #5: 43(24) 45(46) 49(65) 60(71) 70(130) 15(141) 72(221)
InDoor #6: 73(43) 32(88) 86(120) 34(138) 8(160) 31(197) 85(291)
InDoor #7: 28(30) 97(78) 96(88) 36(104) 17(122) 44(224) 92(378)
InDoor #8: 81(33) 80(42) 16(103) 19(117) 53(126) 95(143) 61(200)
InDoor #9: 51(66) 26(75) 78(90) 18(243) 27(253) 35(274) 13(344)
InDoor #10: 4(64) 52(89) 1(140) 89(330) 63(359) 74(373)
InDoor #11: 87(72) 58(138) 22(147) 42(186) 67(228) 69(249) 39(311)
InDoor #12: 24(124) 93(308) 55(324) 48(329) 88(347) 68(373)
InDoor #13: 59(9) 98(53) 2(125) 84(176) 99(188) 62(260) 12(317)
InDoor #14: 90(41) 3(169) 5(314) 7(342) 41(347) 76(366) 79(373) 57(395)
InDoor #15: 23(5) 10(49) 75(59) 33(104) 77(260) 66(282)
OuDoor #1: 70(248) 51(254) 84(261) 24(271) 90(280) 58(442)
OuDoor #2: 25(46) 6(115) 22(170) 14(238) 33(386) 20(394)
OuDoor #3: 81(94) 27(108) 18(184) 68(224) 65(266) 2(271) 23(316)
OuDoor #4: 45(59) 47(114) 31(158) 69(167) 49(287) 11(369) 66(384)
OuDoor #5: 42(166) 17(175) 99(181) 97(236) 75(389) 8(399)
OuDoor #6: 21(134) 95(165) 62(220) 86(238) 29(305) 73(310)
OuDoor #7: 46(96) 98(101) 60(111) 76(116) 41(130) 78(149) 16(399)
OuDoor #8: 94(119) 12(126) 39(155) 28(165) 30(170) 85(178) 92(217)
OuDoor #9: 38(88) 43(363) 1(387) 48(398) 44(404) 53(426) 74(435)
OuDoor #10: 88(233) 91(243) 79(330) 36(349) 40(373) 10(384) 57(394)
OuDoor #11: 77(105) 89(161) 63(359) 7(394) 54(399) 37(406) 9(415)
OuDoor #12: 93(115) 34(328) 4(366) 56(374) 13(386) 5(416) 55(426)
OuDoor #13: 61(110) 35(142) 83(148) 15(164) 32(172) 87(188)
OuDoor #14: 67(63) 50(102) 0(107) 26(115) 72(185) 82(206) 52(281) 64(420)
OuDoor #15: 19(81) 3(178) 96(186) 71(192) 59(197) 80(435)
Cost 749159.93
DetCost 739561
Time 1680.41
InDoor #1: 23(5) 59(12) 45(46) 81(56) 67(228) 13(344)
InDoor #2: 78(90) 22(147) 84(176) 65(274) 89(330) 74(373)
InDoor #3: 25(77) 96(88) 71(124) 3(169) 31(197) 83(346)
InDoor #4: 97(78) 1(140) 8(160) 64(214) 77(260) 35(274) 50(365)
InDoor #5: 43(24) 52(89) 58(138) 62(260) 39(311) 37(367) 76(377)
InDoor #6: 28(30) 73(43) 16(103) 15(141) 21(294) 5(314) 55(324)
InDoor #7: 60(47) 4(64) 17(122) 34(138) 68(373) 57(395)
InDoor #8: 90(41) 75(51) 49(65) 19(117) 40(126) 95(143) 27(253)
InDoor #9: 30(19) 14(27) 9(33) 80(38) 98(53) 26(75)
InDoor #10: 51(66) 87(75) 6(92) 91(119) 24(129) 82(213) 41(330)
InDoor #11: 99(188) 69(249) 85(291) 66(298) 20(351) 7(356) 79(371)
InDoor #12: 2(125) 70(133) 46(199) 93(308) 12(317) 94(344) 92(378)
InDoor #13: 10(49) 33(104) 36(112) 53(122) 54(222) 48(322) 88(347) 63(359)
InDoor #14: 11(50) 32(88) 86(120) 42(186) 38(195) 72(221) 0(246)
InDoor #15: 56(112) 61(200) 44(224) 18(243) 47(252) 29(260)
OuDoor #1: 93(115) 31(163) 32(172) 43(363) 20(398) 80(435)
OuDoor #2: 78(150) 85(165) 18(175) 3(180) 87(188) 36(349) 63(359)
OuDoor #3: 81(94) 99(177) 72(185) 62(220) 66(384) 44(401)
OuDoor #4: 50(92) 46(97) 98(105) 26(115) 89(161) 15(166) 57(394)
OuDoor #5: 60(111) 90(281) 65(291) 33(386) 53(417) 64(426)
OuDoor #6: 94(119) 28(165) 59(188) 23(317) 58(407) 54(412)
OuDoor #7: 95(165) 49(287) 13(372) 56(377) 7(393) 75(398)
OuDoor #8: 67(63) 0(110) 12(131) 22(169) 52(283) 34(328) 1(398)
OuDoor #9: 25(46) 45(55) 38(88) 77(98) 76(107) 47(114) 41(130) 8(399)
OuDoor #10: 61(101) 27(108) 6(115) 82(206) 14(238) 5(422)
OuDoor #11: 42(178) 68(224) 73(310) 40(373) 37(401) 9(415) 55(425)
OuDoor #12: 19(81) 35(144) 83(149) 39(155) 17(176) 30(182) 11(369) 16(399)
OuDoor #13: 70(246) 88(251) 29(305) 48(399) 10(405) 74(428)
OuDoor #14: 21(134) 71(202) 97(236) 51(251) 84(258) 24(271) 79(338) 4(366)
OuDoor #15: 69(167) 96(211) 92(217) 91(228) 86(238) 2(271)
Cost 750218.27
DetCost 739591
Time 1599.21
InDoor #1: 19(117) 53(126) 58(138) 31(197) 62(260)
InDoor #2: 14(14) 59(20) 28(30) 45(46) 11(56) 96(88) 2(125)
InDoor #3: 80(32) 52(89) 1(140) 61(200) 69(249) 66(282)
InDoor #4: 95(143) 42(186) 82(213) 55(324) 48(329) 79(371)
InDoor #5: 10(49) 8(160) 65(274) 12(317) 41(330) 37(367) 57(395)
InDoor #6: 78(90) 56(112) 34(138) 84(176) 46(199) 47(250) 20(351) 50(365)
InDoor #7: 98(53) 51(66) 97(78) 17(122) 15(141) 3(169) 68(373)
InDoor #8: 90(41) 26(75) 86(120) 99(188) 54(222) 0(246) 94(344)
InDoor #9: 49(65) 25(77) 91(119) 40(129) 64(214) 76(366) 92(378)
InDoor #10: 9(33) 4(64) 16(103) 71(124) 38(193) 72(221) 88(347)
InDoor #11: 22(147) 44(224) 18(243) 29(255) 27(263) 77(271) 13(344)
InDoor #12: 43(24) 21(294) 5(314) 7(342) 83(347) 63(359) 74(373)
InDoor #13: 60(47) 32(88) 6(94) 33(104) 36(112) 39(311)
InDoor #14: 81(33) 24(124) 67(228) 85(291) 35(298) 93(308) 89(330)
InDoor #15: 30(19) 23(27) 73(43) 75(53) 87(72) 70(130)
OuDoor #1: 62(220) 79(341) 54(408) 80(419) 58(425) 53(430) 74(439)
OuDoor #2: 41(130) 83(144) 78(150) 39(155) 89(161) 24(271) 40(359) 10(393)
OuDoor #3: 28(165) 92(217) 88(228) 14(238) 8(399) 64(420)
OuDoor #4: 0(103) 60(111) 30(166) 3(173) 99(181) 52(283)
OuDoor #5: 31(156) 95(165) 70(249) 51(254) 84(261) 2(271) 33(386)
OuDoor #6: 87(188) 20(388) 48(396) 37(402) 9(408) 55(418) 5(428)
OuDoor #7: 26(115) 72(185) 68(224) 11(369) 66(384) 16(401)
OuDoor #8: 67(63) 19(81) 38(88) 46(97) 21(134) 15(166)
OuDoor #9: 98(102) 93(112) 94(119) 22(170) 18(181) 75(387) 7(395)
OuDoor #10: 25(46) 45(59) 61(88) 81(94) 50(101) 97(236) 57(394)
OuDoor #11: 59(187) 17(194) 96(200) 82(206) 86(238) 23(322) 43(363)
OuDoor #12: 69(164) 32(172) 65(272) 90(277) 49(287) 63(358) 4(366)
OuDoor #13: 77(100) 6(115) 12(131) 71(178) 42(183) 29(305)
OuDoor #14: 76(105) 47(114) 73(310) 34(328) 13(370) 56(375) 1(389)
OuDoor #15: 27(108) 35(142) 85(179) 91(235) 36(349) 44(404)
Cost 752399.93
DetCost 740112
Time 1599.99
InDoor #1: 80(32) 90(41) 98(53) 25(77) 82(213) 64(221)
InDoor #2: 28(30) 23(37) 81(44) 60(53) 41(330) 74(373)
InDoor #3: 1(140) 54(222) 0(246) 27(253) 29(261) 79(371)
InDoor #4: 51(66) 97(78) 86(120) 19(125) 58(138) 88(347)
InDoor #5: 10(49) 75(59) 4(65) 11(74) 26(80) 16(103) 53(121)
InDoor #6: 73(43) 6(92) 56(112) 40(126) 95(143) 3(169)
InDoor #7: 43(24) 49(65) 34(138) 84(176) 69(249) 66(282) 35(292)
InDoor #8: 45(46) 38(193) 47(250) 93(308) 94(344) 63(359) 92(378)
InDoor #9: 9(33) 32(88) 24(124) 22(147) 8(160) 46(199) 76(366)
InDoor #10: 96(88) 17(122) 31(197) 77(260) 65(274) 20(351)
InDoor #11: 78(90) 71(124) 91(132) 15(142) 72(221) 39(311) 48(322) 68(373)
InDoor #12: 42(186) 61(200) 67(228) 18(243) 21(294) 5(314) 50(365)
InDoor #13: 87(72) 52(89) 33(104) 36(112) 2(125) 85(291) 83(346) 57(395)
InDoor #14: 99(188) 44(224) 12(317) 89(330) 13(344) 7(354) 37(367)
InDoor #15: 59(9) 30(19) 14(27) 70(130) 62(260) 55(324)
OuDoor #1: 67(63) 17(186) 71(192) 59(197) 88(248) 79(339) 80(440)
OuDoor #2: 81(94) 12(131) 35(150) 89(161) 3(181) 18(189) 70(248)
OuDoor #3: 91(227) 14(238) 84(267) 90(277) 49(287) 37(398) 44(404)
OuDoor #4: 19(81) 38(88) 46(97) 94(119) 21(134) 28(165) 57(394)
OuDoor #5: 4(366) 13(379) 1(389) 75(398) 5(428) 58(442)
OuDoor #6: 50(99) 27(108) 6(115) 39(155) 95(165) 72(185) 55(414)
OuDoor #7: 61(101) 47(114) 15(166) 87(188) 2(271) 64(426)
OuDoor #8: 40(372) 10(380) 7(390) 54(395) 16(401) 9(415)
OuDoor #9: 26(115) 32(169) 68(224) 24(271) 53(424) 74(433)
OuDoor #10: 25(46) 0(112) 85(171) 99(181) 23(318) 11(369)
OuDoor #11: 83(150) 31(164) 42(173) 30(182) 96(207) 62(220) 97(236) 34(328)
OuDoor #12: 86(238) 65(274) 52(283) 33(385) 48(393) 8(399)
OuDoor #13: 45(61) 77(92) 98(101) 60(111) 69(162) 22(170) 92(217) 73(310)
OuDoor #14: 82(205) 51(263) 29(305) 36(349) 43(363) 56(371) 66(384)
OuDoor #15: 76(108) 93(115) 41(128) 78(150) 63(359) 20(398)
Cost 751091.47
DetCost 740353
Time 1355.78
InDoor #1: 47(250) 27(258) 65(274) 21(294) 12(317) 88(347) 68(373)
InDoor #2: 28(30) 60(47) 6(92) 19(117) 93(308) 5(314) 20(351) 37(367)
InDoor #3: 23(5) 24(124) 84(176) 89(330) 55(340) 94(345) 50(365)
InDoor #4: 30(19) 45(46) 11(56) 96(88) 16(103) 53(121) 3(169)
InDoor #5: 4(64) 52(89) 86(120) 15(141) 31(197) 0(246) 41(330) 13(344)
InDoor #6: 14(14) 59(20) 90(41) 97(78) 56(112) 2(125)
InDoor #7: 51(66) 26(75) 70(130) 85(291) 39(311) 83(346)
InDoor #8: 34(138) 95(145) 42(186) 61(200) 54(222) 18(243) 35(274)
InDoor #9: 87(72) 78(90) 1(140) 46(199) 82(213) 64(221)
InDoor #10: 80(32) 73(43) 98(53) 75(58) 25(77) 58(138)
InDoor #11: 81(33) 49(65) 32(88) 99(188) 38(193) 77(260)
InDoor #12: 36(104) 71(124) 69(249) 63(359) 76(368) 79(375) 57(395)
InDoor #13: 10(49) 40(126) 17(135) 22(147) 44(224) 92(378)
InDoor #14: 9(33) 33(104) 72(221) 67(230) 29(255) 66(282) 74(373)
InDoor #15: 43(24) 91(119) 8(160) 62(260) 48(322) 7(342)
OuDoor #1: 23(317) 40(358) 4(366) 56(374) 66(384)
OuDoor #2: 27(108) 6(115) 41(130) 39(155) 2(271) 11(369) 33(386)
OuDoor #3: 47(110) 94(119) 12(129) 35(141) 42(172) 30(181) 87(188)
OuDoor #4: 72(185) 96(195) 71(201) 62(220) 36(349) 75(388) 8(399)
OuDoor #5: 21(134) 49(287) 34(328) 79(333) 43(363) 48(399) 20(405)
OuDoor #6: 22(170) 92(217) 29(305) 73(310) 10(384) 7(395)
OuDoor #7: 38(88) 46(97) 77(102) 60(111) 17(173) 3(180) 59(188) 63(359)
OuDoor #8: 76(104) 26(115) 83(150) 28(160) 95(165) 68(224)
OuDoor #9: 91(225) 88(235) 70(248) 51(253) 84(260) 24(271) 5(416) 64(426)
OuDoor #10: 61(89) 50(95) 89(161) 14(238) 74(396) 37(406)
OuDoor #11: 81(94) 93(115) 69(164) 32(172) 13(376) 44(404) 55(426)
OuDoor #12: 18(184) 90(268) 65(278) 52(283) 1(388) 16(401)
OuDoor #13: 67(41) 25(46) 45(57) 19(81) 78(150) 31(157) 15(166)
OuDoor #14: 98(101) 0(115) 85(171) 99(181) 82(206) 97(236) 9(415)
OuDoor #15: 86(238) 54(388) 57(394) 53(425) 58(434) 80(439)
Cost 752057.12
DetCost 740637
Time 1023.96
