InDoor #1: 1(140) 43(224) 18(243) 20(252) 8(260) 13(444) 32(488) 46(499)
InDoor #2: 12(17) 27(153) 23(205) 48(222) 29(255) 5(314) 36(322) 7(342)
InDoor #3: 49(165) 33(204) 10(249) 35(274) 15(341) 3(369) 45(446) 6(492)
InDoor #4: 14(14) 34(38) 44(124) 17(222) 40(232) 24(241) 47(250) 42(286) 41(430)
InDoor #5: 2(125) 37(167) 25(177) 11(250) 0(346) 38(393) 9(433) 31(497)
InDoor #6: 30(19) 26(175) 19(217) 4(264) 16(303) 39(311) 22(347) 28(354) 21(494)
OuDoor #1: 9(160) 1(358) 43(367) 25(373) 27(379) 10(400) 26(449) 45(456)
OuDoor #2: 36(41) 28(46) 6(61) 4(266) 48(359) 7(414) 49(495) 18(518)
OuDoor #3: 19(65) 21(71) 46(150) 11(169) 3(180) 12(321) 5(328) 17(418)
OuDoor #4: 13(247) 22(265) 8(274) 30(285) 47(291) 31(297) 41(409) 38(452)
OuDoor #5: 20(178) 16(189) 0(201) 14(234) 44(245) 42(260) 23(396) 15(406) 37(467)
OuDoor #6: 34(-1) 40(-1) 33(69) 2(75) 39(85) 29(99) 35(109) 24(279) 32(535)
Cost 259854.73
DetCost 259854
Time 1725.47
InDoor #1: 30(19) 14(27) 1(140) 33(204) 23(212) 43(224) 16(303) 7(342)
InDoor #2: 27(153) 26(175) 11(250) 47(256) 5(314) 22(347) 0(354) 41(430)
InDoor #3: 34(38) 17(222) 20(251) 8(260) 28(330) 3(369) 45(446) 13(456)
InDoor #4: 12(17) 49(165) 40(226) 24(235) 29(255) 15(341) 9(433) 31(497)
InDoor #5: 37(167) 25(177) 19(217) 48(226) 10(249) 4(264) 35(274) 36(304) 38(393)
InDoor #6: 44(124) 2(133) 18(243) 42(286) 39(311) 32(488) 6(494) 21(504) 46(512)
OuDoor #1: 33(-1) 21(47) 6(61) 35(78) 39(85) 29(117) 48(359) 45(456)
OuDoor #2: 9(162) 11(171) 3(182) 22(265) 8(276) 5(319) 47(324) 23(418)
OuDoor #3: 0(207) 14(234) 44(240) 13(249) 42(260) 43(373) 26(445) 38(452) 37(467)
OuDoor #4: 36(48) 28(57) 4(266) 30(291) 31(297) 12(330) 1(363) 7(412) 18(515)
OuDoor #5: 40(-1) 34(-1) 19(71) 20(184) 16(193) 17(398) 15(406) 49(495)
OuDoor #6: 2(91) 46(150) 24(279) 27(379) 25(388) 10(394) 41(409) 32(535)
Cost 259822.41
DetCost 259879
Time 1757.07
InDoor #1: 12(17) 20(251) 16(303) 36(311) 28(330) 15(341) 38(393) 32(488)
InDoor #2: 49(165) 19(217) 43(226) 40(231) 18(243) 47(252) 11(260) 39(311) 5(321)
InDoor #3: 30(19) 27(153) 37(167) 26(177) 48(222) 24(230) 8(260) 35(274) 13(444)
InDoor #4: 14(14) 34(38) 44(124) 4(264) 3(369) 6(492) 46(502) 21(511)
InDoor #5: 25(177) 23(205) 33(212) 29(255) 42(286) 0(346) 22(353) 31(497)
InDoor #6: 1(140) 2(148) 17(222) 10(249) 7(342) 9(433) 41(438) 45(448)
OuDoor #1: 19(71) 11(169) 3(182) 14(240) 42(260) 47(296) 30(302) 15(406)
OuDoor #2: 46(150) 31(297) 27(364) 25(373) 10(379) 23(389) 17(399) 7(412)
OuDoor #3: 0(207) 22(269) 8(284) 1(350) 43(359) 48(365) 41(409) 18(517)
OuDoor #4: 6(57) 16(200) 24(279) 5(325) 12(330) 26(449) 45(456) 32(535)
OuDoor #5: 28(53) 40(-1) 34(-1) 36(79) 39(85) 35(109) 29(117) 4(266) 37(467)
OuDoor #6: 21(71) 33(85) 2(91) 9(160) 20(184) 44(239) 13(248) 38(450) 49(495)
Cost 259882.43
DetCost 259876
Time 1756.00
InDoor #1: 29(255) 8(263) 35(274) 38(393) 32(488) 21(494) 6(502) 46(512)
InDoor #2: 37(167) 26(177) 23(205) 24(224) 43(233) 47(250) 4(264) 42(286)
InDoor #3: 19(217) 48(226) 10(249) 28(330) 7(342) 0(347) 22(354) 3(369)
InDoor #4: 30(19) 44(124) 27(153) 25(177) 16(303) 36(311) 9(433) 45(446) 31(497)
InDoor #5: 34(38) 17(222) 40(232) 20(251) 18(256) 5(314) 15(341) 41(430) 13(444)
InDoor #6: 12(17) 14(23) 2(125) 1(140) 49(165) 33(204) 11(250) 39(311)
OuDoor #1: 34(130) 4(266) 22(280) 31(289) 47(298) 30(304) 15(406) 18(518)
OuDoor #2: 40(-1) 36(79) 24(279) 43(373) 27(379) 25(388) 10(394) 41(409)
OuDoor #3: 19(62) 39(68) 35(78) 33(85) 2(91) 14(234) 7(413) 49(495)
OuDoor #4: 29(117) 46(150) 16(193) 0(203) 44(236) 13(249) 45(455) 26(460)
OuDoor #5: 6(57) 20(184) 11(193) 42(260) 8(277) 5(328) 17(410) 23(418) 38(452) 37(467)
OuDoor #6: 28(53) 21(62) 9(160) 3(182) 12(330) 1(356) 48(365) 32(535)
Cost 259852.40
DetCost 259866
Time 1797.93
InDoor #1: 44(124) 49(165) 33(204) 36(304) 5(314) 28(330) 0(346) 3(369)
InDoor #2: 40(226) 43(235) 10(249) 20(259) 4(264) 42(286) 38(393) 31(497)
InDoor #3: 2(125) 1(140) 27(153) 48(222) 11(250) 15(341) 9(433) 13(444)
InDoor #4: 12(17) 34(38) 37(167) 17(222) 29(255) 8(263) 16(303) 22(347)
InDoor #5: 14(14) 25(177) 26(186) 23(205) 19(217) 24(226) 18(243) 35(274) 6(492)
InDoor #6: 30(19) 47(250) 39(311) 7(342) 41(430) 45(446) 32(488) 46(499) 21(508)
OuDoor #1: 29(117) 46(150) 8(279) 12(321) 5(328) 43(373) 26(460) 49(495)
OuDoor #2: 3(181) 44(239) 42(250) 24(279) 23(396) 15(406) 38(452) 32(535)
OuDoor #3: 33(48) 28(53) 34(-1) 21(62) 9(160) 16(200) 41(409) 37(467)
OuDoor #4: 6(57) 0(204) 4(266) 30(302) 27(370) 10(379) 25(389) 7(413) 18(517)
OuDoor #5: 36(79) 13(249) 22(282) 47(291) 31(297) 1(352) 48(361) 17(418) 45(456)
OuDoor #6: 39(51) 40(-1) 35(-1) 2(61) 19(71) 20(184) 11(193) 14(234)
Cost 260049.44
DetCost 259851
Time 1560.34
InDoor #1: 18(243) 35(274) 3(369) 45(446) 31(497) 21(506) 46(514) 6(-1)
InDoor #2: 12(17) 19(217) 11(250) 42(286) 16(303) 39(311) 38(393) 41(430)
InDoor #3: 14(14) 43(224) 20(251) 4(264) 29(273) 8(281) 36(304) 5(314) 32(488)
InDoor #4: 30(19) 44(124) 2(133) 27(153) 33(204) 40(226) 0(346) 13(444)
InDoor #5: 34(38) 1(140) 49(165) 25(177) 26(186) 48(222) 24(230) 10(249) 15(341)
InDoor #6: 37(167) 23(205) 17(222) 47(250) 7(342) 28(347) 22(354) 9(433)
OuDoor #1: 34(130) 43(373) 41(409) 26(460) 37(467) 49(495) 18(515) 32(535)
OuDoor #2: 2(-1) 36(48) 28(53) 29(117) 46(150) 42(260) 23(396) 15(406)
OuDoor #3: 24(279) 22(289) 12(321) 5(328) 27(379) 10(388) 17(399) 7(412)
OuDoor #4: 19(48) 6(59) 20(172) 11(186) 16(193) 0(204) 14(234) 44(248) 8(277)
OuDoor #5: 9(160) 13(249) 4(266) 47(293) 30(302) 31(311) 1(352) 48(361)
OuDoor #6: 33(64) 21(70) 35(78) 40(-1) 39(85) 3(182) 25(389) 45(442) 38(450)
Cost 259916.03
DetCost 259873
Time 1629.11
InDoor #1: 30(19) 44(124) 27(153) 33(204) 23(212) 24(224) 20(251) 16(303) 6(492)
InDoor #2: 26(175) 40(226) 36(304) 5(314) 39(322) 7(342) 28(347) 0(354) 32(488)
InDoor #3: 1(140) 49(165) 37(171) 19(217) 18(243) 15(341) 22(348) 9(433) 46(499)
InDoor #4: 14(14) 12(20) 17(222) 10(249) 38(393) 41(430) 21(494)
InDoor #5: 2(125) 25(177) 11(250) 8(260) 29(269) 3(369) 45(446) 13(456) 31(497)
InDoor #6: 34(38) 48(222) 43(230) 47(250) 4(264) 42(286) 35(295)
OuDoor #1: 28(44) 21(53) 39(61) 19(71) 36(79) 44(246) 42(260) 38(454)
OuDoor #2: 35(78) 33(85) 2(91) 3(181) 11(199) 48(359) 45(455) 26(460)
OuDoor #3: 29(101) 40(111) 34(130) 46(150) 9(160) 20(184) 12(330) 25(389)
OuDoor #4: 16(195) 0(205) 14(234) 13(247) 4(266) 8(274) 43(357) 1(363) 15(406)
OuDoor #5: 6(59) 27(378) 10(389) 23(399) 41(409) 37(467) 18(518) 32(535)
OuDoor #6: 24(279) 22(289) 30(298) 47(304) 31(310) 5(328) 17(400) 7(413) 49(495)
Cost 259942.24
DetCost 259873
Time 1741.15
InDoor #1: 2(125) 49(165) 26(175) 19(217) 24(226) 43(235) 18(243) 47(252) 36(304)
InDoor #2: 4(264) 7(342) 0(347) 38(393) 45(446) 32(488) 46(499) 21(508)
InDoor #3: 34(38) 20(251) 8(260) 29(269) 41(430) 13(444) 31(497) 6(506)
InDoor #4: 30(19) 44(124) 27(153) 33(204) 17(222) 42(286) 16(303) 5(314) 22(347)
InDoor #5: 14(14) 12(20) 1(140) 25(177) 48(222) 11(250) 35(274) 3(369) 9(433)
InDoor #6: 37(167) 23(205) 40(226) 10(249) 39(311) 28(330) 15(341)
OuDoor #1: 29(117) 34(130) 20(166) 11(175) 3(185) 16(200) 41(409) 32(535)
OuDoor #2: 28(53) 14(234) 24(279) 23(396) 15(406) 45(445) 38(456) 18(516)
OuDoor #3: 6(57) 46(150) 44(245) 42(260) 30(302) 25(373) 27(379) 10(400)
OuDoor #4: 13(247) 31(289) 22(298) 1(349) 43(358) 48(364) 17(400) 7(413)
OuDoor #5: 35(-1) 33(-1) 2(-1) 40(-1) 19(55) 39(61) 21(71) 36(79) 9(160) 8(280)
OuDoor #6: 0(204) 4(266) 47(312) 12(318) 5(325) 26(460) 37(467) 49(495)
Cost 259907.29
DetCost 259881
Time 1315.27
InDoor #1: 12(17) 27(153) 49(165) 19(217) 18(243) 47(252) 8(260) 28(330)
InDoor #2: 44(124) 37(167) 26(177) 33(204) 17(222) 43(232) 40(237) 11(250) 4(264)
InDoor #3: 30(19) 2(125) 23(205) 48(222) 24(230) 20(251) 7(342) 32(488)
InDoor #4: 10(249) 3(369) 38(393) 9(433) 31(497) 21(506) 46(514) 6(-1)
InDoor #5: 14(14) 34(38) 25(177) 29(255) 35(274) 42(286) 5(314) 16(322) 15(341)
InDoor #6: 1(140) 39(311) 36(321) 22(347) 0(354) 41(430) 13(444) 45(454)
OuDoor #1: 46(150) 11(199) 14(230) 44(236) 13(249) 5(343) 17(401) 7(414)
OuDoor #2: 42(260) 8(273) 24(279) 30(302) 1(352) 48(361) 45(456) 49(495)
OuDoor #3: 29(117) 20(167) 3(182) 16(200) 31(297) 12(330) 10(399) 41(409)
OuDoor #4: 19(71) 34(-1) 2(91) 43(373) 25(379) 23(389) 15(406) 38(450)
OuDoor #5: 36(48) 40(-1) 6(57) 21(66) 35(74) 33(81) 39(85) 4(266) 22(287)
OuDoor #6: 28(53) 9(160) 0(204) 47(312) 27(379) 26(460) 37(467) 18(518) 32(535)
Cost 259656.70
DetCost 259871
Time 1565.34
InDoor #1: 2(125) 1(140) 27(153) 49(165) 26(175) 20(251) 9(433) 46(499)
InDoor #2: 40(226) 24(235) 11(250) 15(341) 22(348) 3(369) 13(444) 32(488)
InDoor #3: 34(38) 37(167) 48(222) 29(255) 4(264) 8(273) 35(282) 6(492) 31(502)
InDoor #4: 14(14) 44(124) 17(222) 19(232) 10(249) 39(311) 7(342) 41(430) 21(494)
InDoor #5: 23(205) 43(224) 18(243) 42(286) 5(314) 36(322) 0(346) 38(393) 45(446)
InDoor #6: 12(17) 30(23) 25(177) 33(204) 47(250) 16(303) 28(330)
OuDoor #1: 9(160) 44(252) 42(260) 23(392) 17(402) 7(415) 37(467) 49(495)
OuDoor #2: 35(59) 40(-1) 33(66) 19(71) 25(373) 27(379) 26(445) 38(452)
OuDoor #3: 39(43) 2(-1) 6(57) 16(200) 4(266) 24(279) 31(297) 48(361) 45(456)
OuDoor #4: 20(166) 11(175) 3(185) 14(234) 13(247) 8(277) 43(373) 18(520)
OuDoor #5: 36(40) 21(45) 28(53) 29(117) 46(150) 5(319) 47(324) 15(406)
OuDoor #6: 34(130) 0(201) 30(281) 22(287) 12(330) 1(363) 10(399) 41(409) 32(535)
Cost 259812.25
DetCost 259879
Time 1689.06
