InDoor #1: 0(46) 4(64) 1(140)
InDoor #2: 5(114) 2(125) 7(142)
InDoor #3: 9(33) 6(92) 3(169) 8(176)
OuDoor #1: 0(162) 4(208) 7(237)
OuDoor #2: 1(111) 5(117) 6(127) 9(135)
OuDoor #3: 2(151) 8(176) 3(218)
Cost 5441.25
DetCost 5536
Time 11.86
InDoor #1: 9(33) 0(46) 4(64) 5(114)
InDoor #2: 6(92) 1(140) 7(148) 8(160)
InDoor #3: 2(125) 3(169)
OuDoor #1: 1(111) 5(117) 6(127) 9(135)
OuDoor #2: 2(151) 0(162) 3(218)
OuDoor #3: 8(176) 4(208) 7(237)
Cost 5441.25
DetCost 5536
Time 0.75
InDoor #1: 4(64) 5(114) 3(169)
InDoor #2: 6(92) 1(140) 8(160)
InDoor #3: 9(33) 0(46) 2(125) 7(142)
OuDoor #1: 1(111) 5(117) 6(127) 9(135)
OuDoor #2: 2(151) 0(162) 8(176)
OuDoor #3: 4(208) 3(214) 7(237)
Cost 5441.25
DetCost 5536
Time 1.67
InDoor #1: 0(46) 2(125)
InDoor #2: 9(33) 6(92) 7(142) 8(160)
InDoor #3: 4(64) 5(114) 1(140) 3(169)
OuDoor #1: 2(151) 8(176) 4(208) 7(237)
OuDoor #2:
OuDoor #3: 1(111) 5(117) 6(127) 9(135) 0(162) 3(218)
Cost 5441.25
DetCost 5536
Time 0.14
InDoor #1: 5(114) 7(142) 3(169)
InDoor #2: 9(33) 6(92) 1(140)
InDoor #3: 0(46) 4(64) 2(125) 8(160)
OuDoor #1: 1(111) 5(117) 6(127) 9(135)
OuDoor #2: 2(151) 0(162) 8(176) 3(218)
OuDoor #3: 4(208) 7(237)
Cost 5441.25
DetCost 5536
Time 10.14
InDoor #1: 0(46) 4(64) 6(92) 2(125)
InDoor #2: 5(114) 8(160) 3(169)
InDoor #3: 9(33) 1(140) 7(148)
OuDoor #1: 8(176) 4(208) 3(214)
OuDoor #2: 1(111) 5(117) 6(127) 9(135)
OuDoor #3: 2(151) 0(162) 7(237)
Cost 5441.25
DetCost 5536
Time 49.52
InDoor #1: 0(46) 4(64) 7(142)
InDoor #2: 9(33) 6(92) 1(140)
InDoor #3: 5(114) 2(125) 3(169) 8(176)
OuDoor #1: 8(176) 4(208) 7(237)
OuDoor #2: 2(151) 0(162) 3(218)
OuDoor #3: 1(111) 5(117) 6(127) 9(135)
Cost 5441.25
DetCost 5536
Time 9.22
InDoor #1: 1(140) 8(160) 3(169)
InDoor #2: 9(33) 6(92) 7(142)
InDoor #3: 0(46) 4(64) 5(114) 2(125)
OuDoor #1: 0(162)
OuDoor #2: 2(151) 8(176) 4(208) 3(214) 7(237)
OuDoor #3: 1(111) 5(117) 6(127) 9(135)
Cost 5441.25
DetCost 5536
Time 0.05
InDoor #1: 6(92) 1(140) 8(160)
InDoor #2: 9(33) 0(46) 4(64) 5(114)
InDoor #3: 2(125) 7(142) 3(169)
OuDoor #1: 2(151) 0(162) 4(208) 7(237)
OuDoor #2: 1(111) 5(117) 6(127) 9(135)
OuDoor #3: 8(176) 3(218)
Cost 5441.25
DetCost 5536
Time 0.27
InDoor #1: 5(114) 7(142) 8(160)
InDoor #2: 4(64) 6(92) 2(125) 1(140)
InDoor #3: 9(33) 0(46) 3(169)
OuDoor #1: 1(111) 5(117) 6(127) 9(135)
OuDoor #2: 2(151) 0(162) 8(176) 3(218)
OuDoor #3: 4(208) 7(237)
Cost 5441.25
DetCost 5536
Time 3.97
