InDoor #1: 6(12) 54(22) 25(37) 55(46) 5(74)
InDoor #2: 11(10) 3(16) 13(24) 35(34) 48(42) 56(72)
InDoor #3: 14(14) 36(24) 26(35) 59(49) 15(61) 46(79)
InDoor #4: 10(9) 43(24) 28(30) 40(46) 49(65) 57(75)
InDoor #5: 23(5) 22(27) 38(34) 45(46) 58(58) 12(77) 50(85) 30(99)
InDoor #6: 20(31) 44(64) 9(73) 2(85) 27(93) 4(104)
InDoor #7: 42(66) 19(77) 0(86) 41(93) 16(103) 31(117)
InDoor #8: 37(7) 1(60) 17(82) 29(95) 7(103) 39(111)
InDoor #9: 18(3) 33(64) 32(88) 21(94) 51(106) 8(120)
InDoor #10: 53(1) 24(11) 47(20) 52(89) 34(99)
OuDoor #1: 41(61) 11(70) 8(78) 37(145) 16(151) 36(159)
OuDoor #2: 4(50) 58(62) 33(67) 15(80) 35(159)
OuDoor #3: 28(61) 26(69) 50(74) 56(101) 46(145)
OuDoor #4: 52(67) 48(76) 9(95) 40(145) 54(153) 17(159) 34(168)
OuDoor #5: 1(68) 32(76) 51(85) 45(93) 29(106) 59(145) 31(153)
OuDoor #6: 14(69) 30(82) 21(104) 12(123) 43(145)
OuDoor #7: 27(88) 42(106) 3(113) 38(125) 49(134) 19(144) 10(154)
OuDoor #8: 6(102) 20(112) 0(120) 22(130) 39(141) 57(146) 55(152)
OuDoor #9: 24(111) 47(136) 13(141) 53(151) 2(156) 44(163)
OuDoor #10: 5(89) 25(112) 18(127) 23(142) 7(147)
Cost 535811.77
DetCost 507489
Time 756.11
InDoor #1: 53(1) 18(11) 20(31) 49(65) 56(72)
InDoor #2: 6(12) 10(22) 28(32) 48(42) 58(58) 44(64) 46(79)
InDoor #3: 35(34) 40(46) 15(61) 12(77) 32(88) 30(99)
InDoor #4: 24(4) 14(14) 43(24) 26(35) 55(45) 59(50) 1(60) 9(73) 17(82) 52(92) 4(104)
InDoor #5: 13(24) 45(46) 42(66) 5(75) 0(86) 27(93) 51(106)
InDoor #6: 11(10) 36(24) 38(34) 33(64) 50(85) 34(98) 8(120)
InDoor #7: 22(27) 25(37) 2(85) 7(102)
InDoor #8: 3(9) 19(77) 29(95) 16(103) 31(117)
InDoor #9: 23(5) 47(12) 54(22) 21(94)
InDoor #10: 37(7) 57(75) 41(90) 39(111)
OuDoor #1: 26(71) 48(76) 51(85) 35(159)
OuDoor #2: 28(65) 32(76) 30(82) 9(95) 56(101) 37(146) 55(152)
OuDoor #3: 4(50) 41(59) 52(68) 8(78) 45(93) 20(112) 22(130)
OuDoor #4: 14(69) 15(80) 5(89) 6(102) 25(112) 38(125) 31(153)
OuDoor #5: 58(63) 1(68) 27(88) 42(106) 24(111) 57(141) 7(147)
OuDoor #6: 33(67) 50(74) 29(106) 23(136) 13(141) 53(151)
OuDoor #7: 21(104) 18(127) 47(137) 39(142) 40(147) 54(155) 44(161)
OuDoor #8: 11(72) 12(123) 19(144) 10(154)
OuDoor #9: 3(113) 0(122) 49(134) 59(144) 16(150) 17(157) 2(166)
OuDoor #10: 46(137) 43(143) 34(151) 36(159)
Cost 536936.35
DetCost 512782
Time 1369.74
InDoor #1: 3(9) 11(16) 22(27) 39(111)
InDoor #2: 37(7) 19(77) 51(106) 31(117)
InDoor #3: 57(75) 2(85) 34(98) 30(105) 8(120)
InDoor #4: 20(31) 55(44) 9(73) 46(79) 41(90) 4(104)
InDoor #5: 13(24) 48(42) 1(60) 5(74) 50(85) 16(103)
InDoor #6: 10(9) 54(22) 43(30) 26(35) 33(64) 56(72) 29(95) 7(103)
InDoor #7: 23(5) 24(12) 6(21) 35(34) 40(46) 44(64) 12(77) 32(88) 27(94)
InDoor #8: 53(1) 18(11) 14(20) 38(33) 45(46) 58(58) 42(66) 0(86) 21(94)
InDoor #9: 36(24) 25(37) 59(49) 49(65) 17(82)
InDoor #10: 47(10) 28(30) 15(61) 52(89)
OuDoor #1: 46(134) 59(140) 7(146) 10(154) 2(163)
OuDoor #2: 22(129) 40(137) 43(145)
OuDoor #3: 29(106) 38(125) 49(136) 35(146) 55(151)
OuDoor #4: 11(72) 5(89) 56(101) 3(113) 12(123) 47(138) 39(143)
OuDoor #5: 28(65) 45(93) 21(104) 0(122) 23(139) 19(144) 53(154)
OuDoor #6: 41(62) 26(71) 8(78) 27(88) 13(141) 31(153)
OuDoor #7: 4(50) 58(62) 52(67) 48(76) 30(82) 20(112) 18(127)
OuDoor #8: 1(68) 32(76) 51(85) 9(95) 42(106) 24(111) 57(145) 16(151)
OuDoor #9: 14(69) 15(80) 6(102) 25(112) 37(149) 34(156) 54(164) 17(170)
OuDoor #10: 33(67) 50(74) 44(151) 36(159)
Cost 534317.35
DetCost 509526
Time 1770.62
InDoor #1: 6(12) 43(24) 28(30) 17(82) 4(104)
InDoor #2: 3(9) 11(16) 27(93) 30(101) 39(111)
InDoor #3: 20(31) 55(44) 33(64) 29(95) 7(103) 51(108)
InDoor #4: 38(33) 1(60) 56(72) 2(85) 34(98)
InDoor #5: 18(3) 36(24) 26(35) 42(66) 19(77) 41(90) 16(103) 31(117)
InDoor #6: 14(14) 35(34) 40(46) 15(61) 9(73) 46(79) 32(88) 8(120)
InDoor #7: 13(24) 25(37) 59(49) 58(58) 12(77) 21(94)
InDoor #8: 24(4) 22(27) 48(42) 44(64) 57(75) 50(85)
InDoor #9: 23(5) 47(12) 10(20) 45(46) 5(74) 52(89)
InDoor #10: 53(1) 37(11) 54(22) 49(65) 0(86)
OuDoor #1: 6(102) 12(123) 46(141) 40(147) 36(155) 44(165)
OuDoor #2: 14(69) 38(125) 22(130) 16(138) 59(145) 31(153)
OuDoor #3: 29(106) 18(127) 49(136) 7(147)
OuDoor #4: 28(65) 8(78) 5(89) 21(104) 0(122) 47(139) 19(144) 57(154)
OuDoor #5: 41(63) 11(72) 15(80) 27(88) 42(106) 3(113)
OuDoor #6: 4(50) 58(63) 26(69) 50(74) 56(101) 13(141)
OuDoor #7: 52(67) 48(76) 45(93) 24(111) 39(143) 10(151)
OuDoor #8: 33(67) 32(76) 30(82) 9(95) 20(112) 43(144) 55(152)
OuDoor #9: 1(68) 51(85) 25(112) 23(146) 37(151) 17(157) 2(166)
OuDoor #10: 54(144) 35(150) 53(155) 34(160)
Cost 535944.87
DetCost 510372
Time 1197.28
InDoor #1: 18(3) 11(12) 24(18) 22(27) 28(34) 17(82)
InDoor #2: 13(24) 38(34) 55(44) 1(60) 5(74) 0(86)
InDoor #3: 6(12) 26(35) 40(46) 33(64) 9(73) 46(79) 52(89)
InDoor #4: 36(24) 59(49) 56(72) 32(88) 29(95) 31(117)
InDoor #5: 35(34) 48(42) 42(66) 57(75) 50(85) 34(98) 51(106)
InDoor #6: 45(46) 58(58) 49(65) 12(77) 30(99) 39(111)
InDoor #7: 10(9) 37(19) 20(31) 25(37) 44(64) 41(90) 4(104)
InDoor #8: 3(9) 15(61) 2(85) 21(94) 16(103) 8(120)
InDoor #9: 53(1) 14(14) 54(22) 19(77) 27(93)
InDoor #10: 47(10) 23(18) 43(25) 7(102)
OuDoor #1: 28(65) 8(78) 6(102) 44(151) 36(159)
OuDoor #2: 41(63) 11(72) 27(88) 42(106) 39(143) 10(153)
OuDoor #3: 52(68) 5(89) 56(101) 25(112) 13(135) 59(145)
OuDoor #4: 14(69) 45(93) 20(112) 46(137) 40(143) 34(151) 35(159)
OuDoor #5: 4(50) 58(62) 33(67) 50(74) 51(85) 9(95) 24(111) 47(141)
OuDoor #6: 1(68) 32(76) 3(113) 38(125) 22(130) 16(138) 43(145)
OuDoor #7: 26(71) 48(76) 30(82) 29(106) 12(123) 7(147)
OuDoor #8: 15(80) 21(104) 18(127) 49(136) 23(146) 55(151)
OuDoor #9: 53(142) 57(147) 31(153) 54(163) 17(169)
OuDoor #10: 0(122) 19(144) 37(154) 2(160)
Cost 534892.70
DetCost 509256
Time 707.17
InDoor #1: 23(5) 38(33) 15(61) 46(79) 52(89) 8(120)
InDoor #2: 54(22) 20(31) 48(42) 17(82)
InDoor #3: 45(46) 58(58) 0(86)
InDoor #4: 37(7) 11(17) 26(35) 40(46) 44(64) 19(77) 27(93) 51(106)
InDoor #5: 13(24) 25(37) 59(49) 49(65) 56(72) 2(85) 29(95) 30(103) 31(117)
InDoor #6: 53(1) 22(27) 35(34) 55(44) 33(64) 9(73) 57(78) 32(88) 34(98) 7(105) 39(111)
InDoor #7: 10(9) 43(24) 28(30) 42(66) 12(77) 50(85) 4(104)
InDoor #8: 36(24) 1(60) 5(74) 21(94)
InDoor #9: 18(3) 24(12) 3(21) 14(28) 41(90) 16(103)
InDoor #10: 47(10) 6(18)
OuDoor #1: 28(65) 50(74) 13(141) 53(151) 57(156)
OuDoor #2: 14(69) 15(80) 6(102) 25(112) 7(144) 55(152)
OuDoor #3: 58(63) 1(68) 32(76) 47(139) 19(144)
OuDoor #4: 41(62) 26(71) 48(76) 30(82) 42(106) 20(112)
OuDoor #5: 52(68) 51(85) 21(104) 18(127) 46(137) 43(143) 34(151) 35(159)
OuDoor #6: 4(50) 33(67) 8(78) 5(89) 56(99) 29(106) 38(125) 22(130) 39(140) 59(145) 31(153)
OuDoor #7: 27(88) 9(95) 0(122) 49(136) 40(147)
OuDoor #8: 11(72) 45(93) 24(111) 23(149) 10(154) 37(165)
OuDoor #9: 3(113) 12(123) 16(141) 44(148) 36(156) 2(166)
OuDoor #10: 54(159) 17(170)
Cost 536706.51
DetCost 510411
Time 103.25
InDoor #1: 18(3) 11(12) 14(18) 13(24) 20(34) 55(44)
InDoor #2: 28(30) 48(42) 15(61) 57(75) 0(86) 21(94)
InDoor #3: 3(9) 22(27) 25(37) 40(46) 44(64) 52(89) 39(111)
InDoor #4: 36(24) 26(35) 59(49) 49(65) 19(77) 41(90) 7(102)
InDoor #5: 38(33) 45(46) 42(66) 2(85) 29(95) 51(106) 31(117)
InDoor #6: 35(34) 58(58) 1(64) 9(73) 12(78) 50(85) 27(94) 30(102)
InDoor #7: 24(4) 37(13) 33(64) 5(74) 17(82) 16(103)
InDoor #8: 10(9) 6(19) 56(72) 32(88) 4(104)
InDoor #9: 54(22) 46(79) 34(98) 8(120)
InDoor #10: 53(1) 23(11) 47(18) 43(26)
OuDoor #1: 11(72) 16(141) 34(148) 57(156)
OuDoor #2: 28(63) 26(71) 15(80) 25(112) 49(135) 46(145)
OuDoor #3: 58(63) 52(68) 30(82) 3(113)
OuDoor #4: 41(63) 50(74) 51(85) 29(106) 18(127) 40(147) 53(155)
OuDoor #5: 1(68) 32(76) 27(88) 21(103) 20(112) 0(122) 39(140) 43(145)
OuDoor #6: 4(50) 33(67) 48(73) 8(78) 9(95) 42(106) 24(111) 59(142) 35(148) 31(153)
OuDoor #7: 14(69) 45(92) 6(102) 38(125) 22(130) 47(139) 19(144)
OuDoor #8: 5(89) 12(123) 7(144) 55(152) 17(160)
OuDoor #9: 56(101) 13(141) 10(151) 54(160) 2(166) 37(173)
OuDoor #10: 23(146) 44(151) 36(159)
Cost 534901.33
DetCost 509758
Time 852.82
InDoor #1: 14(14) 10(20) 22(30) 55(44) 19(77)
InDoor #2: 13(24) 38(34) 45(46) 15(61) 41(90)
InDoor #3: 43(24) 20(31) 28(36) 48(43) 49(65) 56(72) 2(85) 30(99)
InDoor #4: 26(35) 40(46) 58(58) 12(77) 50(85) 21(94) 16(103)
InDoor #5: 25(37) 44(64) 57(75) 29(95) 4(104) 31(117)
InDoor #6: 9(73) 46(79) 32(88) 27(94) 7(102) 39(111)
InDoor #7: 37(7) 3(17) 54(24) 35(34) 59(49) 33(64) 5(74) 17(82) 34(98) 51(106)
InDoor #8: 24(4) 53(13) 42(66) 0(86) 8(120)
InDoor #9: 23(5) 11(12) 6(18) 1(60) 52(89)
InDoor #10: 18(3) 47(12) 36(24)
OuDoor #1: 11(72) 46(145) 44(151) 17(159) 34(168) 37(176)
OuDoor #2: 1(68) 15(80) 29(106)
OuDoor #3: 28(65) 48(76) 21(104) 3(113) 12(123) 16(139) 40(146) 10(154)
OuDoor #4: 41(62) 26(71) 32(76) 51(85) 45(93) 24(111) 59(145) 53(155)
OuDoor #5: 58(63) 52(68) 30(82) 9(95) 0(122) 49(135) 43(145)
OuDoor #6: 33(67) 50(74) 56(101) 20(112) 38(125) 22(130) 7(147)
OuDoor #7: 4(50) 14(69) 5(89) 6(102) 39(143)
OuDoor #8: 8(78) 27(88) 42(106) 18(127) 13(141) 31(151)
OuDoor #9: 25(112) 19(141) 55(151) 36(159)
OuDoor #10: 47(139) 23(144) 35(149) 57(154) 54(160) 2(166)
Cost 532976.86
DetCost 506469
Time 1716.57
InDoor #1: 10(9) 54(22) 20(31) 19(77) 21(94) 39(111)
InDoor #2: 37(7) 28(30) 15(61) 46(79) 52(89) 7(102)
InDoor #3: 36(24) 49(65) 56(72) 0(86) 29(95) 16(103) 31(117)
InDoor #4: 26(35) 45(46) 58(58) 42(66) 57(75) 2(85) 41(93) 4(104)
InDoor #5: 24(4) 13(24) 48(42) 44(64) 5(74) 27(93)
InDoor #6: 35(34) 40(46) 9(73) 12(78) 32(88) 34(98) 51(106)
InDoor #7: 25(37) 59(49) 33(64) 50(85) 30(99) 8(120)
InDoor #8: 23(5) 43(24) 55(44) 17(82)
InDoor #9: 53(1) 3(11) 6(18) 22(28) 38(35) 1(60)
InDoor #10: 18(3) 14(14) 47(20) 11(28)
OuDoor #1: 25(112) 49(136) 54(153) 2(162)
OuDoor #2: 15(80) 56(101) 0(122) 16(138) 59(145) 53(155) 37(160) 34(166)
OuDoor #3: 48(76) 29(106) 18(127) 39(136) 46(141) 40(147)
OuDoor #4: 41(59) 1(68) 32(76) 51(85) 21(104) 3(113) 12(123) 43(145)
OuDoor #5: 28(63) 26(71) 30(82) 45(93) 20(112) 38(125) 22(130) 19(144)
OuDoor #6: 4(50) 58(63) 52(68) 9(95) 24(111) 7(147)
OuDoor #7: 14(69) 27(88) 42(106) 47(136) 13(141) 10(154)
OuDoor #8: 33(66) 11(72) 5(89) 6(102) 31(153)
OuDoor #9: 50(74) 57(145) 55(151) 36(159)
OuDoor #10: 8(78) 23(146) 35(151) 17(156) 44(165)
Cost 536365.34
DetCost 512317
Time 1734.87
InDoor #1: 3(9) 10(16) 22(27) 20(34) 57(75) 21(94) 16(103)
InDoor #2: 36(24) 11(34) 19(77) 41(90) 30(100)
InDoor #3: 25(37) 49(65) 29(95) 4(104) 8(120)
InDoor #4: 37(7) 38(33) 40(46) 58(58) 12(77) 32(88) 7(102) 31(117)
InDoor #5: 48(42) 44(64) 56(73) 2(85) 51(106)
InDoor #6: 26(35) 59(49) 15(61) 5(74) 50(85) 34(98)
InDoor #7: 6(12) 13(24) 35(34) 45(46) 42(66) 17(82) 27(93)
InDoor #8: 54(22) 55(44) 33(64) 9(73) 46(79) 52(89) 39(111)
InDoor #9: 23(5) 14(14) 47(20) 28(30) 1(60) 0(86)
InDoor #10: 18(3) 53(12) 24(22) 43(31)
OuDoor #1: 7(144) 34(152) 54(160) 2(166)
OuDoor #2: 14(69) 12(123) 39(141) 23(146) 55(151) 35(159) 17(164)
OuDoor #3: 26(71) 3(113) 0(122) 13(141) 31(151)
OuDoor #4: 58(63) 1(68) 32(76) 51(85) 29(106) 38(125) 59(138) 19(144)
OuDoor #5: 52(67) 48(76) 30(82) 9(95) 21(104) 22(130) 47(141)
OuDoor #6: 28(65) 50(74) 45(93) 42(106) 24(111) 18(127) 46(139) 43(145)
OuDoor #7: 4(50) 33(67) 15(80) 27(88) 6(102) 20(112)
OuDoor #8: 41(63) 8(78) 5(89) 56(101) 40(147) 53(155)
OuDoor #9: 11(72) 25(112) 49(136) 57(149) 36(155) 44(165)
OuDoor #10: 16(141) 37(148) 10(154)
Cost 535515.34
DetCost 509249
Time 1157.37
