InDoor #1: 23(5) 39(111) 13(144) 18(243) 11(252) 33(304) 71(324) 69(449) 0(455) 55(524) 15(541)
InDoor #2: 32(88) 52(94) 24(124) 53(133) 20(151) 64(214) 30(220) 67(228) 65(274) 12(317)
InDoor #3: 54(22) 43(30) 49(65) 60(71) 61(200) 77(460) 4(469) 36(504) 1(540) 58(548)
InDoor #4: 28(30) 45(46) 57(195) 35(274) 26(281) 25(291) 7(342) 29(455) 50(565) 31(597)
InDoor #5: 21(94) 16(103) 63(159) 10(249) 73(259) 3(369) 79(376) 27(453) 51(466) 70(530)
InDoor #6: 75(49) 47(250) 5(314) 56(322) 76(366) 38(393) 59(409) 9(433) 66(482) 48(522)
InDoor #7: 78(90) 22(147) 68(173) 42(186) 2(325) 41(333) 8(360) 44(424) 62(460) 40(526)
InDoor #8: 14(14) 72(21) 74(173) 46(199) 19(317) 17(326) 34(338) 37(367) 6(492)
OuDoor #1: 20(83) 36(122) 73(161) 22(174) 47(232) 58(301) 21(313) 34(322) 16(440) 49(471) 38(569)
OuDoor #2: 67(249) 72(326) 7(361) 68(390) 60(396) 43(404) 69(501) 24(548) 11(574)
OuDoor #3: 57(74) 59(168) 64(200) 23(213) 70(253) 33(411) 77(436) 25(442) 5(592) 18(624)
OuDoor #4: 0(124) 28(146) 27(202) 56(208) 62(262) 75(271) 46(357) 71(596) 51(610) 52(642)
OuDoor #5: 65(54) 3(63) 13(85) 8(91) 30(114) 6(124) 9(255) 2(265) 4(303) 32(562) 48(634)
OuDoor #6: 37(222) 74(333) 41(384) 61(475) 1(483) 35(497) 15(505) 19(523) 66(571)
OuDoor #7: 79(94) 54(192) 45(203) 42(281) 55(382) 40(387) 76(395) 50(455) 17(488) 53(526) 63(630)
OuDoor #8: 39(179) 10(196) 78(223) 26(251) 14(278) 31(337) 12(359) 29(490) 44(546)
Cost 555065.87
DetCost 551913
Time 1796.38
InDoor #1: 45(46) 13(144) 22(154) 46(199) 73(243) 26(275) 12(317) 71(324) 56(332) 62(460)
InDoor #2: 52(89) 35(274) 79(371) 38(393) 69(449) 4(464) 6(492) 40(526) 55(535) 50(565)
InDoor #3: 65(274) 34(338) 3(369) 66(482) 48(522) 70(530) 1(540) 15(548) 58(555) 31(597)
InDoor #4: 21(94) 20(151) 42(186) 5(314) 19(322) 2(331) 17(339) 76(366) 37(373) 44(424) 51(466)
InDoor #5: 78(90) 16(103) 61(200) 67(228) 7(342) 0(446) 27(453) 29(461) 36(504)
InDoor #6: 60(47) 49(65) 75(71) 24(124) 57(195) 11(250) 25(277) 33(304) 41(330) 8(360)
InDoor #7: 23(5) 72(21) 43(30) 14(35) 54(41) 53(121) 68(173) 74(181) 30(219) 18(243)
InDoor #8: 28(30) 32(88) 39(111) 63(159) 64(214) 10(249) 47(259) 59(409) 9(433) 77(460)
OuDoor #1: 57(67) 65(73) 28(146) 27(187) 54(192) 47(218) 78(223) 72(326) 1(483) 44(546)
OuDoor #2: 43(394) 68(401) 33(407) 60(416) 17(483) 29(489) 35(499) 32(557) 38(566) 5(589)
OuDoor #3: 36(117) 0(124) 39(169) 22(175) 58(286) 34(294) 21(305) 4(314) 12(359) 15(505)
OuDoor #4: 30(112) 6(122) 64(198) 45(203) 26(243) 67(249) 62(277) 74(333) 41(384) 77(438) 51(610)
OuDoor #5: 8(90) 13(98) 79(104) 59(168) 23(213) 37(222) 46(357) 25(424) 16(436) 24(547)
OuDoor #6: 20(89) 70(253) 31(337) 50(455) 61(463) 49(471) 69(501) 53(528) 19(536)
OuDoor #7: 3(50) 56(196) 10(205) 9(263) 14(273) 42(281) 7(367) 40(374) 55(382) 66(570) 11(581)
OuDoor #8: 73(162) 2(262) 75(271) 76(390) 18(598) 71(603) 52(613) 48(623) 63(636)
Cost 554933.49
DetCost 551895
Time 1734.23
InDoor #1: 61(200) 25(277) 76(366) 37(373) 51(466) 6(492) 36(504) 58(538) 55(544) 15(549)
InDoor #2: 28(30) 14(37) 49(65) 30(219) 7(342) 38(393) 59(409) 29(455) 4(464) 77(473) 31(597)
InDoor #3: 23(5) 54(22) 60(47) 75(57) 78(90) 69(449) 48(522) 70(530) 50(565)
InDoor #4: 52(89) 16(103) 20(151) 67(228) 12(317) 19(323) 71(332) 3(369) 79(376) 62(460)
InDoor #5: 72(21) 32(88) 21(94) 39(111) 24(124) 13(144) 63(159) 8(360) 27(453) 40(526)
InDoor #6: 43(24) 68(173) 42(186) 46(199) 10(249) 47(259) 33(304) 56(312) 9(433) 44(438) 0(447)
InDoor #7: 45(46) 74(173) 57(195) 11(250) 18(256) 35(274) 26(281) 5(314) 2(325) 34(338)
InDoor #8: 53(121) 22(147) 64(214) 73(243) 65(274) 41(330) 17(340) 66(482) 1(540)
OuDoor #1: 22(180) 27(202) 23(213) 40(376) 41(384) 77(431) 25(437) 16(447) 52(624) 48(634)
OuDoor #2: 79(84) 8(91) 47(232) 26(246) 70(253) 2(273) 42(281) 46(357) 29(491) 69(501) 24(547)
OuDoor #3: 55(382) 43(394) 17(477) 1(483) 71(566) 66(573) 51(610) 63(624) 18(632)
OuDoor #4: 65(56) 3(63) 20(83) 36(114) 0(123) 73(156) 59(168) 67(249) 72(326) 7(370) 44(546)
OuDoor #5: 45(203) 37(217) 78(223) 9(271) 14(281) 68(397) 60(403) 33(411) 49(471) 53(528)
OuDoor #6: 13(109) 30(115) 6(125) 54(173) 39(178) 62(262) 75(271) 35(500) 11(574)
OuDoor #7: 28(146) 4(303) 74(331) 31(337) 76(390) 61(460) 50(467) 15(505) 19(523) 32(557) 38(566)
OuDoor #8: 57(74) 64(192) 10(197) 56(207) 34(292) 58(298) 21(309) 12(359) 5(600)
Cost 555276.63
DetCost 551915
Time 856.39
InDoor #1: 49(65) 53(121) 12(317) 79(371) 59(409) 29(455) 15(541)
InDoor #2: 23(5) 72(21) 60(47) 75(57) 52(89) 42(186) 64(214) 10(249) 37(367) 6(492)
InDoor #3: 63(159) 68(173) 61(200) 57(207) 67(228) 11(250) 65(274) 41(330) 76(366) 62(460) 51(467) 36(504) 48(522) 50(565)
InDoor #4: 54(22) 32(88) 78(94) 24(124) 13(144) 22(154) 47(250) 2(325) 77(460) 40(526) 31(597)
InDoor #5: 16(103) 74(173) 46(199) 35(274) 8(360) 69(449) 27(455) 1(540)
InDoor #6: 21(94) 39(111) 30(219) 5(314) 38(393) 44(424) 0(446) 4(464) 55(524) 70(530) 58(539)
InDoor #7: 45(46) 33(304) 56(312) 71(324) 34(338) 3(369) 9(433)
InDoor #8: 14(14) 43(24) 28(30) 20(151) 18(243) 73(252) 26(275) 25(285) 19(317) 17(326) 7(342) 66(482)
OuDoor #1: 65(72) 20(83) 28(146) 73(162) 10(193) 45(203) 72(326) 7(362) 40(394) 60(416) 11(574) 5(595)
OuDoor #2: 3(50) 9(267) 62(277) 33(407) 68(412) 19(525) 66(571) 48(634) 52(642)
OuDoor #3: 79(94) 54(191) 56(196) 67(249) 41(384) 24(545)
OuDoor #4: 6(123) 39(178) 70(253) 31(337) 77(436) 1(481) 29(490) 35(500) 51(610) 18(624) 63(630)
OuDoor #5: 0(123) 78(223) 75(271) 14(281) 21(309) 76(384) 53(526) 44(546) 32(554) 38(563)
OuDoor #6: 13(112) 36(121) 30(128) 22(177) 23(189) 64(197) 27(202) 47(232) 26(247) 2(263) 58(315) 74(333) 12(359) 55(382) 61(469)
OuDoor #7: 8(95) 34(297) 4(303) 50(455) 49(471) 69(501) 71(596)
OuDoor #8: 57(74) 59(168) 37(234) 42(274) 46(357) 43(394) 25(428) 16(444) 17(485) 15(505)
Cost 555436.73
DetCost 552475
Time 38.13
InDoor #1: 52(89) 16(103) 33(304) 56(312) 17(322) 55(524)
InDoor #2: 54(22) 53(121) 24(131) 67(228) 30(236) 5(314) 37(367) 38(393) 69(449) 77(460) 51(469) 66(482) 58(538)
InDoor #3: 78(90) 20(151) 46(199) 57(208) 35(274) 7(342) 8(360) 15(541)
InDoor #4: 14(14) 60(47) 21(94) 22(147) 63(159) 26(275) 12(317) 2(325) 62(460) 29(467) 6(492) 70(530)
InDoor #5: 43(24) 75(49) 41(330) 59(409) 44(424) 4(464) 50(565)
InDoor #6: 28(30) 45(46) 39(111) 42(186) 47(250) 76(366) 1(540) 31(597)
InDoor #7: 23(5) 32(88) 68(173) 73(243) 10(253) 11(263) 65(274) 25(283) 19(317) 71(326) 34(338) 27(453) 40(526)
InDoor #8: 72(21) 49(65) 13(144) 74(173) 61(200) 64(214) 18(243) 3(369) 79(376) 9(433) 0(446) 36(504) 48(522)
OuDoor #1: 22(177) 27(202) 67(249) 2(268) 14(287) 72(316) 31(337) 25(443) 69(501) 71(596) 18(624)
OuDoor #2: 28(146) 54(190) 10(196) 56(208) 74(333) 7(361) 55(382) 61(469) 19(523) 24(548)
OuDoor #3: 6(119) 0(124) 9(279) 21(303) 34(312) 46(357) 77(434) 15(505) 5(595)
OuDoor #4: 65(61) 59(168) 64(200) 78(223) 70(253) 4(303) 1(483) 35(492) 53(526) 11(574)
OuDoor #5: 57(74) 79(94) 73(162) 40(382) 76(390) 50(455) 17(484) 29(490) 51(610) 52(642)
OuDoor #6: 3(50) 30(116) 45(203) 37(234) 47(240) 26(248) 41(384) 60(404) 68(412) 66(560) 38(565)
OuDoor #7: 36(129) 39(178) 75(271) 58(315) 12(359) 49(471) 32(562)
OuDoor #8: 20(77) 13(85) 8(91) 23(213) 62(264) 42(279) 33(399) 43(404) 16(436) 44(546) 48(625) 63(630)
Cost 555837.13
DetCost 552203
Time 80.21
InDoor #1: 72(21) 78(90) 16(103) 42(186) 57(195) 64(214) 11(250) 47(256) 5(314) 41(330) 7(342)
InDoor #2: 28(30) 52(89) 74(173) 73(243) 65(274) 26(283) 2(325) 8(360) 48(522) 58(538)
InDoor #3: 49(65) 63(159) 68(173) 25(277) 33(304) 12(317) 34(338) 51(466) 6(492) 36(504)
InDoor #4: 19(317) 59(409) 38(418) 0(446) 29(455) 27(463) 69(471) 4(477) 40(526)
InDoor #5: 45(46) 32(88) 67(228) 37(367) 55(524) 70(530) 1(540) 15(548) 50(565) 31(597)
InDoor #6: 23(5) 60(47) 75(57) 53(121) 13(144) 46(199) 30(219) 76(366) 3(373) 9(433)
InDoor #7: 21(94) 20(151) 22(156) 61(200) 10(249) 17(322) 79(371) 44(424) 62(460) 66(482)
InDoor #8: 43(24) 54(29) 14(37) 39(111) 24(124) 18(243) 35(274) 71(324) 56(332) 77(460)
OuDoor #1: 13(110) 36(116) 28(123) 30(128) 64(196) 45(203) 74(333) 46(357) 24(547) 66(571)
OuDoor #2: 65(61) 79(94) 73(162) 2(263) 9(271) 42(281) 31(337) 29(505) 19(522) 53(527)
OuDoor #3: 8(83) 20(91) 0(124) 70(253) 58(315) 72(326) 12(359) 40(379) 76(387) 60(416)
OuDoor #4: 68(396) 43(402) 33(409) 77(430) 61(461) 49(468) 17(492) 35(500) 38(566) 5(592)
OuDoor #5: 57(71) 26(243) 67(249) 34(297) 4(303) 21(317) 44(546) 11(574) 48(634) 52(642)
OuDoor #6: 78(223) 62(262) 75(271) 7(361) 41(384) 50(455) 71(596) 18(603) 51(610) 63(630)
OuDoor #7: 59(168) 22(173) 39(178) 54(184) 10(189) 27(199) 56(204) 23(213) 14(273) 1(483)
OuDoor #8: 3(56) 6(125) 47(219) 37(230) 55(382) 25(424) 16(438) 69(499) 15(505) 32(563)
Cost 554099.42
DetCost 551886
Time 1709.78
InDoor #1: 20(151) 46(199) 18(243) 33(304) 19(317) 9(433) 0(446) 27(453) 69(461) 36(504)
InDoor #2: 43(24) 60(47) 52(89) 22(147) 57(195) 10(249) 65(274) 58(538) 15(544) 31(597)
InDoor #3: 28(30) 45(46) 16(103) 64(214) 26(275) 35(285) 56(312) 71(324) 79(371) 29(455) 40(526)
InDoor #4: 14(14) 49(65) 39(111) 42(186) 7(342) 76(366) 77(460) 48(522) 1(540)
InDoor #5: 23(5) 53(121) 68(173) 67(228) 30(236) 73(244) 47(254) 11(262) 25(277) 34(338) 8(360)
InDoor #6: 72(21) 54(30) 21(94) 13(144) 61(200) 5(314) 2(325) 41(333) 70(530)
InDoor #7: 78(90) 32(99) 24(124) 63(159) 74(173) 62(460) 4(467) 6(492) 55(524) 50(565)
InDoor #8: 75(49) 12(317) 17(323) 3(369) 37(376) 59(409) 38(418) 44(428) 51(466) 66(482)
OuDoor #1: 73(156) 59(168) 54(173) 39(178) 78(223) 62(250) 2(262) 14(273) 42(281) 34(308) 32(562)
OuDoor #2: 47(217) 37(222) 9(261) 75(271) 61(463) 49(471) 18(605) 51(610) 63(630)
OuDoor #3: 57(71) 20(77) 13(85) 79(91) 8(98) 21(300) 4(309) 44(546) 66(571) 52(642)
OuDoor #4: 36(117) 0(124) 10(188) 64(198) 45(203) 46(357) 40(376) 41(384) 33(411) 48(634)
OuDoor #5: 3(50) 27(202) 70(251) 12(359) 55(382) 76(387) 60(416) 53(526) 71(582) 5(595)
OuDoor #6: 30(113) 6(123) 28(146) 22(184) 23(213) 26(243) 67(249) 74(333) 19(523) 38(569)
OuDoor #7: 31(337) 68(390) 43(396) 77(431) 25(437) 16(447) 1(480) 35(489) 17(497) 24(548)
OuDoor #8: 65(66) 56(205) 58(315) 72(326) 7(361) 50(455) 29(489) 69(499) 15(505) 11(574)
Cost 554177.04
DetCost 551855
Time 1696.37
InDoor #1: 72(21) 23(30) 13(144) 67(228) 2(325) 34(338) 79(371) 59(409) 38(418) 70(530)
InDoor #2: 14(14) 54(22) 75(49) 78(90) 39(111) 46(199) 12(317) 0(446) 29(455) 4(464) 58(538)
InDoor #3: 28(30) 61(200) 57(207) 18(243) 56(312) 37(367) 1(540) 15(548) 55(555)
InDoor #4: 45(46) 68(173) 73(243) 19(317) 41(330) 76(366) 44(424) 9(433) 51(466) 31(597)
InDoor #5: 32(88) 21(94) 20(151) 42(186) 65(274) 33(304) 69(449) 27(455) 36(504) 40(526) 50(565)
InDoor #6: 52(89) 63(159) 30(219) 5(314) 7(342) 3(369) 62(460) 66(482) 48(522)
InDoor #7: 43(24) 49(65) 16(103) 74(173) 64(214) 47(250) 11(258) 35(274) 8(360) 77(460) 6(492)
InDoor #8: 60(47) 24(124) 53(133) 22(147) 10(249) 26(275) 25(285) 17(322) 71(332)
OuDoor #1: 54(179) 10(190) 64(200) 56(205) 47(221) 37(231) 70(251) 11(558) 66(568) 32(573) 48(634)
OuDoor #2: 78(223) 26(243) 67(249) 14(283) 4(302) 34(308) 58(315) 72(326) 12(359) 52(642)
OuDoor #3: 65(51) 3(58) 30(113) 6(123) 23(213) 62(277) 18(605) 51(610) 63(630)
OuDoor #4: 39(171) 22(177) 27(198) 45(203) 41(384) 25(443) 50(455) 61(464) 49(471) 44(546)
OuDoor #5: 57(74) 13(111) 36(117) 0(124) 59(168) 21(309) 31(337) 16(438) 24(544) 38(569)
OuDoor #6: 9(264) 42(274) 74(333) 7(350) 46(357) 55(382) 1(483) 35(497) 15(505) 19(523)
OuDoor #7: 20(77) 79(85) 8(92) 73(162) 2(263) 75(271) 76(383) 43(393) 68(400) 40(406)
OuDoor #8: 28(146) 60(403) 33(417) 77(438) 17(485) 29(491) 69(501) 53(525) 71(585) 5(598)
Cost 554473.57
DetCost 551889
Time 1790.20
InDoor #1: 49(65) 22(147) 63(159) 74(173) 35(274) 37(367) 3(377) 4(464) 66(482) 36(504)
InDoor #2: 23(5) 60(47) 24(124) 53(133) 42(186) 11(250) 25(277) 33(304) 19(317) 56(326) 59(409)
InDoor #3: 52(89) 32(99) 46(199) 64(214) 67(228) 18(243) 26(275) 65(285) 5(314) 17(322)
InDoor #4: 45(46) 61(200) 30(219) 38(393) 29(455) 77(463) 6(492) 1(540) 15(548) 58(555) 31(597)
InDoor #5: 54(22) 75(49) 78(90) 57(195) 76(366) 27(453) 69(461) 51(467) 40(526) 50(565)
InDoor #6: 28(30) 21(94) 39(111) 68(173) 12(317) 41(330) 8(360) 79(371) 0(446) 62(460)
InDoor #7: 72(21) 14(30) 43(36) 16(103) 13(144) 73(243) 47(253) 2(325) 7(342) 44(424)
InDoor #8: 20(151) 10(249) 71(324) 34(338) 9(433) 48(522) 70(530) 55(539)
OuDoor #1: 13(80) 79(86) 8(93) 36(120) 30(127) 21(306) 69(499) 15(505) 19(523) 38(569)
OuDoor #2: 67(249) 31(337) 43(402) 77(430) 25(436) 16(446) 50(463) 35(489) 17(497) 11(577)
OuDoor #3: 54(169) 39(174) 22(183) 10(188) 64(198) 45(203) 37(217) 78(223) 74(333) 63(630)
OuDoor #4: 65(57) 20(66) 57(74) 23(213) 47(232) 2(262) 5(591) 71(598) 18(605) 51(610) 52(642)
OuDoor #5: 26(246) 70(253) 40(376) 41(384) 68(404) 60(410) 33(418) 1(483) 44(546) 48(634)
OuDoor #6: 0(124) 62(260) 14(273) 42(281) 58(291) 34(299) 4(306) 72(326) 55(382)
OuDoor #7: 3(50) 9(261) 75(271) 7(350) 46(357) 61(463) 49(471) 29(490) 53(528) 24(546)
OuDoor #8: 6(125) 28(146) 73(158) 59(168) 27(197) 56(202) 12(359) 76(390) 66(557) 32(562)
Cost 554777.28
DetCost 551888
Time 1751.66
InDoor #1: 60(47) 22(147) 63(159) 10(249) 47(259) 33(304) 62(460) 58(538) 1(544) 15(552)
InDoor #2: 16(103) 53(121) 20(151) 74(173) 61(200) 67(228) 73(243) 25(277) 35(286) 7(342) 4(464)
InDoor #3: 28(30) 75(49) 43(55) 52(89) 68(173) 30(219) 18(243) 12(317) 79(371)
InDoor #4: 49(65) 46(199) 56(312) 37(367) 51(466) 66(482) 6(492) 36(504) 70(530) 55(539) 50(565)
InDoor #5: 54(22) 14(30) 23(36) 21(94) 39(111) 57(195) 11(250) 69(449) 77(460) 48(522)
InDoor #6: 24(124) 13(144) 42(186) 64(214) 65(274) 26(283) 5(314) 76(366) 44(424) 31(597)
InDoor #7: 72(21) 45(46) 78(90) 32(99) 19(317) 2(326) 34(338) 8(360) 29(455)
InDoor #8: 71(324) 41(332) 17(342) 3(369) 38(393) 59(409) 9(433) 0(446) 27(453) 40(526)
OuDoor #1: 28(146) 70(253) 75(271) 4(303) 1(481) 29(490) 35(500) 19(523) 24(548) 66(571)
OuDoor #2: 73(156) 59(168) 23(213) 67(249) 46(357) 60(416) 25(443) 71(582) 5(595) 48(634)
OuDoor #3: 0(124) 56(196) 27(205) 72(326) 40(374) 55(382) 15(505) 11(559) 38(569) 63(630)
OuDoor #4: 3(50) 65(61) 20(83) 22(177) 10(196) 37(217) 78(223) 68(396) 43(403) 69(501)
OuDoor #5: 8(91) 13(108) 30(114) 6(124) 39(178) 47(232) 26(247) 2(263) 21(311) 16(436)
OuDoor #6: 36(123) 9(271) 14(281) 74(333) 7(368) 41(384) 33(411) 51(610) 52(619) 18(629)
OuDoor #7: 54(192) 64(198) 45(203) 62(260) 42(275) 58(300) 34(308) 31(337) 12(359) 76(384) 77(432)
OuDoor #8: 57(74) 79(94) 50(454) 61(461) 49(468) 17(485) 53(528) 44(546) 32(562)
Cost 554412.04
DetCost 551855
Time 1551.27
