InDoor #1: 7(6) 4(32) 10(41) 6(204) 21(262)
InDoor #2: 27(45) 19(149) 14(206) 26(251) 3(261)
InDoor #3: 16(7) 15(15) 1(60) 9(193) 23(245) 11(322)
InDoor #4: 12(125) 24(220) 22(243) 5(266) 17(298) 8(308) 20(319)
InDoor #5: 25(13) 2(61) 0(134) 13(216) 18(243)
OuDoor #1: 17(164) 1(204) 25(212) 22(226) 6(273)
OuDoor #2: 24(169) 13(179) 10(224) 0(270) 8(287) 4(337)
OuDoor #3: 26(95) 3(103) 11(112) 5(342) 19(350) 16(358)
OuDoor #4: 2(126) 21(134) 18(148) 12(232) 7(286)
OuDoor #5: 27(145) 23(152) 20(258) 15(345) 14(350) 9(359)
Cost 63293.84
DetCost 62839
Time 587.73
InDoor #1: 16(7) 10(33) 2(61) 18(243) 20(319)
InDoor #2: 4(32) 27(45) 1(60) 19(149) 9(193) 21(262)
InDoor #3: 0(134) 6(204) 26(251) 5(266) 17(298)
InDoor #4: 12(125) 14(206) 13(216) 23(245) 22(252) 11(322)
InDoor #5: 25(13) 7(22) 15(27) 24(220) 3(249) 8(288)
OuDoor #1: 2(126) 27(159) 17(164) 20(258) 15(347) 9(352)
OuDoor #2: 21(163) 24(169) 13(179) 8(287) 19(350)
OuDoor #3: 23(152) 1(204) 22(226) 0(270) 7(286)
OuDoor #4: 18(148) 25(209) 10(224) 5(342) 14(361) 16(370)
OuDoor #5: 11(96) 26(106) 3(114) 12(232) 6(273) 4(337)
Cost 63293.84
DetCost 62839
Time 626.84
InDoor #1: 19(149) 24(220) 5(266) 8(288) 20(319)
InDoor #2: 7(6) 27(45) 13(216) 18(243) 11(322)
InDoor #3: 25(13) 1(60) 2(68) 12(125) 14(206) 26(251)
InDoor #4: 10(33) 4(43) 0(134) 6(204) 23(245) 22(252)
InDoor #5: 16(7) 15(15) 9(193) 3(249) 21(262) 17(298)
OuDoor #1: 21(163) 24(169) 13(179) 12(232) 7(286)
OuDoor #2: 2(126) 20(258) 6(273) 4(336) 5(342)
OuDoor #3: 26(95) 3(103) 11(112) 18(148) 10(224) 0(270)
OuDoor #4: 23(152) 1(204) 25(212) 22(226) 15(345) 19(350)
OuDoor #5: 17(150) 27(160) 8(287) 9(351) 14(361) 16(370)
Cost 63293.84
DetCost 62839
Time 765.50
InDoor #1: 6(204) 18(243) 21(262) 8(288) 17(298)
InDoor #2: 4(32) 27(45) 0(134) 14(206) 5(266)
InDoor #3: 10(33) 12(125) 24(220) 23(245) 3(252) 20(319)
InDoor #4: 16(7) 7(15) 19(149) 13(216) 26(251) 22(261) 11(322)
InDoor #5: 15(13) 25(20) 2(61) 1(69) 9(193)
OuDoor #1: 3(114) 22(226) 20(258) 8(287) 15(347)
OuDoor #2: 26(107) 23(152) 10(224) 7(286) 19(350)
OuDoor #3: 11(112) 2(122) 21(134) 18(148) 1(204) 12(232)
OuDoor #4: 24(169) 13(179) 6(263) 0(270) 4(336) 5(342)
OuDoor #5: 27(159) 17(164) 25(215) 14(350) 9(359) 16(370)
Cost 63293.84
DetCost 62839
Time 629.66
InDoor #1: 16(7) 10(33) 4(43) 27(52) 1(60) 9(193)
InDoor #2: 19(149) 13(216) 18(243) 3(252) 5(266)
InDoor #3: 25(13) 24(220) 23(245) 22(252) 20(319)
InDoor #4: 12(125) 6(204) 26(251) 21(262) 8(288) 17(298)
InDoor #5: 15(13) 7(20) 2(61) 0(134) 14(206) 11(322)
OuDoor #1: 2(126) 17(154) 21(164) 15(347) 9(352)
OuDoor #2: 24(169) 13(179) 20(258) 7(286) 4(337)
OuDoor #3: 26(96) 11(104) 3(114) 25(215) 12(232) 8(287)
OuDoor #4: 18(148) 1(204) 22(226) 6(263) 0(270) 19(350)
OuDoor #5: 27(145) 23(152) 10(224) 5(342) 14(361) 16(370)
Cost 63293.84
DetCost 62839
Time 949.38
InDoor #1: 27(45) 1(60) 2(68) 23(245) 21(262)
InDoor #2: 7(6) 15(13) 6(204) 26(251) 3(261)
InDoor #3: 16(7) 25(15) 4(32) 10(41) 14(206) 11(322)
InDoor #4: 12(125) 19(149) 9(193) 13(216) 18(243) 22(252)
InDoor #5: 0(134) 24(220) 5(266) 17(298) 8(308) 20(319)
OuDoor #1: 26(95) 3(103) 11(112) 21(164) 9(359)
OuDoor #2: 25(210) 22(226) 0(270) 8(287) 14(374)
OuDoor #3: 2(126) 1(204) 10(224) 4(328) 19(334) 5(342)
OuDoor #4: 18(148) 17(159) 24(169) 13(179) 20(258) 16(370)
OuDoor #5: 27(145) 23(152) 12(232) 6(273) 7(286) 15(347)
Cost 63293.84
DetCost 62839
Time 520.49
InDoor #1: 15(13) 7(20) 16(25) 25(33) 27(45)
InDoor #2: 4(32) 6(204) 18(243) 5(266) 17(298)
InDoor #3: 12(125) 19(149) 14(206) 26(251) 22(261) 20(319)
InDoor #4: 1(60) 0(134) 13(216) 23(245) 21(262) 11(322)
InDoor #5: 10(33) 2(61) 9(193) 24(220) 3(249) 8(288)
OuDoor #1: 2(126) 21(154) 27(160) 1(204) 9(359)
OuDoor #2: 11(104) 3(114) 22(226) 20(258) 7(286)
OuDoor #3: 18(148) 17(159) 24(169) 13(179) 10(224) 0(270) 8(287)
OuDoor #4: 23(152) 6(273) 4(336) 5(342) 16(370)
OuDoor #5: 26(107) 25(215) 12(232) 15(345) 19(350) 14(374)
Cost 63293.84
DetCost 62839
Time 1151.25
InDoor #1: 27(45) 1(60) 2(68) 18(243) 22(252)
InDoor #2: 15(13) 0(134) 14(206) 23(245) 20(319)
InDoor #3: 12(125) 9(193) 6(204) 26(251) 21(262) 8(288) 17(298)
InDoor #4: 25(13) 4(32) 10(41) 24(220) 11(322)
InDoor #5: 7(6) 16(11) 19(149) 13(216) 3(249) 5(266)
OuDoor #1: 26(95) 3(103) 11(112) 2(122) 20(258)
OuDoor #2: 23(152) 10(224) 6(273) 15(347) 16(370)
OuDoor #3: 21(134) 18(148) 1(204) 25(212) 22(226) 0(270)
OuDoor #4: 12(232) 8(287) 19(329) 5(342) 14(350) 9(359)
OuDoor #5: 27(149) 17(159) 24(169) 13(179) 7(286) 4(337)
Cost 63293.84
DetCost 62839
Time 582.92
InDoor #1: 25(13) 0(134) 14(206) 24(220) 18(243)
InDoor #2: 12(125) 9(193) 6(204) 22(243) 5(266)
InDoor #3: 19(149) 13(216) 23(245) 3(252) 11(322) 20(328)
InDoor #4: 16(7) 7(15) 10(33) 4(43) 27(52) 26(251)
InDoor #5: 15(13) 1(60) 2(68) 21(262) 8(288) 17(298)
OuDoor #1: 23(152) 10(222) 12(232) 20(258) 8(290)
OuDoor #2: 18(148) 25(210) 22(226) 7(286) 16(370)
OuDoor #3: 21(163) 24(169) 1(204) 4(336) 5(342) 14(374)
OuDoor #4: 17(164) 13(179) 6(263) 0(270) 19(339) 15(347)
OuDoor #5: 11(88) 26(98) 2(106) 3(114) 27(160) 9(359)
Cost 63334.47
DetCost 62840
Time 1787.90
InDoor #1: 7(6) 15(13) 19(149) 24(220) 11(322)
InDoor #2: 0(134) 9(193) 13(216) 26(251) 5(266) 17(298)
InDoor #3: 12(125) 6(204) 23(245) 22(252) 21(262)
InDoor #4: 4(32) 2(61) 1(69) 14(206) 18(243) 8(288)
InDoor #5: 25(13) 16(22) 10(33) 27(45) 3(249) 20(319)
OuDoor #1: 17(159) 24(169) 13(179) 12(232) 5(342)
OuDoor #2: 23(152) 0(270) 7(286) 16(365) 14(374)
OuDoor #3: 21(134) 18(148) 27(160) 25(210) 22(226) 6(273)
OuDoor #4: 26(107) 1(204) 10(224) 20(258) 15(347) 9(352)
OuDoor #5: 3(103) 11(112) 2(122) 8(287) 4(337) 19(350)
Cost 63293.84
DetCost 62839
Time 697.01
