InDoor #1: 23(5) 14(14) 2(25) 17(33) 16(103) 22(147)
InDoor #2: 8(60) 20(151) 10(249) 25(277)
InDoor #3: 7(42) 21(94) 0(146) 29(155) 15(241) 11(250)
InDoor #4: 12(17) 24(124) 13(144) 18(243)
InDoor #5: 3(69) 9(133) 27(153) 4(164) 26(275)
InDoor #6: 5(14) 19(22) 28(31) 6(192) 1(240)
OuDoor #1: 7(83) 2(116) 28(161) 17(168) 0(282)
OuDoor #2: 29(64) 23(76) 26(120) 11(165) 27(275)
OuDoor #3: 12(117) 21(194) 6(266) 4(276) 14(337)
OuDoor #4: 1(109) 24(187) 10(260) 5(271) 8(280)
OuDoor #5: 19(81) 20(88) 3(140) 22(188) 13(291)
OuDoor #6: 25(187) 9(217) 15(227) 18(303) 16(311)
Cost 195098.46
DetCost 193540
Time 1241.78
InDoor #1: 28(30) 12(37) 22(147) 27(154) 1(240)
InDoor #2: 8(60) 24(124) 20(151) 6(192) 10(249) 26(275)
InDoor #3: 9(133) 0(146) 29(155) 4(164) 18(243)
InDoor #4: 5(14) 13(144) 15(241) 11(250) 25(277)
InDoor #5: 17(22) 3(69) 21(94) 16(103)
InDoor #6: 23(5) 14(14) 19(20) 2(29) 7(42)
OuDoor #1: 29(60) 26(122) 28(161) 17(168) 25(189)
OuDoor #2: 3(140) 11(165) 24(187) 4(274) 13(291)
OuDoor #3: 23(71) 7(83) 21(188) 10(260) 5(271)
OuDoor #4: 2(112) 22(191) 6(269) 8(280) 0(292)
OuDoor #5: 19(81) 20(88) 12(117) 15(219) 9(229) 27(275)
OuDoor #6: 1(109) 16(305) 14(314) 18(323)
Cost 195011.09
DetCost 193558
Time 1288.24
InDoor #1: 19(17) 17(26) 16(103) 29(155) 18(243)
InDoor #2: 23(5) 8(60) 21(94) 27(153) 15(241) 11(250)
InDoor #3: 24(124) 13(144) 4(164) 1(240) 26(275)
InDoor #4: 12(17) 28(30) 9(133) 22(147) 10(249)
InDoor #5: 2(25) 3(69) 20(151) 6(192)
InDoor #6: 5(14) 14(22) 7(42) 0(146) 25(277)
OuDoor #1: 1(107) 2(116) 26(122) 24(188) 10(260) 27(275)
OuDoor #2: 23(76) 12(117) 25(187) 21(192)
OuDoor #3: 29(58) 3(140) 9(218) 5(271) 13(291)
OuDoor #4: 7(83) 28(161) 17(168) 6(266) 4(276)
OuDoor #5: 19(81) 20(88) 11(165) 22(194) 15(227)
OuDoor #6: 8(282) 0(292) 16(303) 18(312) 14(337)
Cost 194666.04
DetCost 193549
Time 1501.10
InDoor #1: 12(17) 21(94) 13(144) 29(155) 1(240)
InDoor #2: 7(42) 8(60) 16(103) 22(147) 27(154)
InDoor #3: 3(69) 20(151) 4(164) 15(241) 10(249)
InDoor #4: 17(22) 2(32) 24(124) 0(146) 18(243)
InDoor #5: 5(14) 14(22) 28(30) 9(133) 11(250) 25(277)
InDoor #6: 23(5) 19(17) 6(192) 26(275)
OuDoor #1: 2(111) 12(117) 24(188) 22(196) 16(307)
OuDoor #2: 7(83) 26(119) 28(161) 17(168) 5(271)
OuDoor #3: 29(57) 23(66) 19(81) 20(88) 11(165) 4(274)
OuDoor #4: 1(109) 3(140) 10(260) 27(274)
OuDoor #5: 25(190) 21(195) 6(269) 8(280) 0(292)
OuDoor #6: 15(213) 9(223) 13(291) 18(310) 14(337)
Cost 194905.18
DetCost 193540
Time 1604.88
InDoor #1: 21(94) 16(103) 4(164) 1(240) 10(249)
InDoor #2: 19(17) 2(26) 8(60) 0(146) 11(250)
InDoor #3: 12(17) 20(151) 6(192) 18(243) 25(277)
InDoor #4: 7(42) 24(124) 22(147) 27(154) 15(241)
InDoor #5: 5(14) 23(22) 17(29) 9(133) 13(144)
InDoor #6: 28(30) 14(37) 3(69) 29(155) 26(275)
OuDoor #1: 12(117) 24(185) 21(193) 4(274) 8(281)
OuDoor #2: 1(109) 22(191) 5(271) 16(307) 14(337)
OuDoor #3: 7(83) 11(165) 9(218) 10(260) 27(274)
OuDoor #4: 29(58) 2(114) 26(122) 28(161) 17(168) 0(282)
OuDoor #5: 3(140) 25(193) 15(227) 6(271)
OuDoor #6: 23(68) 19(81) 20(88) 13(291) 18(310)
Cost 195048.25
DetCost 193530
Time 1497.63
InDoor #1: 5(14) 23(22) 9(133) 15(241) 26(275)
InDoor #2: 12(17) 24(124) 0(146) 18(243) 25(277)
InDoor #3: 8(60) 20(151) 29(156) 6(192) 11(250)
InDoor #4: 28(30) 2(37) 22(147) 27(154) 4(164) 10(249)
InDoor #5: 21(94) 16(103) 13(144) 1(240)
InDoor #6: 19(17) 17(26) 14(36) 7(42) 3(69)
OuDoor #1: 29(62) 3(140) 22(196) 9(218) 13(291)
OuDoor #2: 7(83) 10(260) 27(274) 16(307) 14(337)
OuDoor #3: 23(76) 11(165) 6(266) 4(276) 0(283)
OuDoor #4: 28(161) 17(168) 5(271) 8(278) 18(310)
OuDoor #5: 2(111) 12(117) 25(187) 21(192) 15(227)
OuDoor #6: 19(81) 20(88) 1(109) 26(120) 24(188)
Cost 194805.78
DetCost 193534
Time 1743.84
InDoor #1: 12(17) 23(23) 28(30) 8(60) 0(146) 1(240)
InDoor #2: 16(103) 20(151) 4(164) 6(192)
InDoor #3: 5(14) 19(22) 24(124) 22(147) 29(155) 10(249)
InDoor #4: 13(144) 15(241) 11(250) 26(275)
InDoor #5: 2(25) 3(69) 21(94) 9(133) 27(153) 18(243)
InDoor #6: 17(22) 14(32) 7(42) 25(277)
OuDoor #1: 23(76) 2(115) 15(215) 9(225) 6(269)
OuDoor #2: 7(83) 11(165) 25(183) 24(188) 22(196)
OuDoor #3: 29(58) 28(161) 17(168) 4(274) 16(307)
OuDoor #4: 12(117) 3(140) 21(194) 5(271) 13(291)
OuDoor #5: 19(81) 20(88) 1(109) 26(122) 10(260) 27(275)
OuDoor #6: 8(282) 0(292) 18(310) 14(337)
Cost 194840.05
DetCost 193555
Time 1446.23
InDoor #1: 5(14) 2(25) 22(147) 27(154) 15(241)
InDoor #2: 28(30) 20(151) 6(192) 18(243) 26(275)
InDoor #3: 7(42) 8(60) 0(146) 29(155) 11(250) 25(277)
InDoor #4: 21(94) 13(144) 4(164) 10(249)
InDoor #5: 14(14) 3(69) 16(103) 24(124) 1(240)
InDoor #6: 23(5) 19(17) 12(26) 17(32) 9(133)
OuDoor #1: 28(161) 17(168) 15(215) 9(225) 8(282)
OuDoor #2: 11(165) 22(194) 10(260) 27(274) 13(291)
OuDoor #3: 24(187) 21(195) 5(271) 6(278) 0(292) 16(307)
OuDoor #4: 29(58) 7(83) 2(111) 12(117) 25(186)
OuDoor #5: 23(68) 19(81) 20(88) 1(109) 4(276)
OuDoor #6: 26(120) 3(140) 18(312) 14(337)
Cost 194950.17
DetCost 193554
Time 1778.24
InDoor #1: 7(42) 24(124) 0(146) 1(240) 25(277)
InDoor #2: 3(69) 21(94) 9(133) 20(151) 29(156)
InDoor #3: 17(22) 28(32) 22(147) 27(154) 10(249)
InDoor #4: 19(17) 16(103) 13(144) 4(164) 15(241)
InDoor #5: 14(14) 23(20) 8(60) 6(192) 18(243)
InDoor #6: 2(25) 12(33) 5(39) 11(250) 26(275)
OuDoor #1: 1(109) 26(122) 9(221) 15(231) 16(307)
OuDoor #2: 19(81) 20(88) 12(117) 3(140) 11(165)
OuDoor #3: 28(161) 17(168) 24(187) 6(266) 4(276)
OuDoor #4: 7(83) 2(116) 25(185) 21(190) 5(271)
OuDoor #5: 23(76) 22(191) 10(260) 27(273) 8(282) 0(292)
OuDoor #6: 29(63) 13(291) 18(310) 14(337)
Cost 194772.29
DetCost 193551
Time 1765.79
InDoor #1: 19(17) 12(26) 17(32) 16(103) 10(249)
InDoor #2: 8(60) 21(94) 27(153) 15(241) 11(250)
InDoor #3: 23(5) 13(144) 4(164) 18(243) 25(277)
InDoor #4: 14(14) 2(25) 5(33) 7(42) 22(147) 26(275)
InDoor #5: 28(30) 24(124) 20(151) 1(240)
InDoor #6: 3(69) 9(133) 0(146) 29(155) 6(192)
OuDoor #1: 7(83) 1(109) 6(266) 4(276) 16(307)
OuDoor #2: 29(61) 2(111) 12(117) 21(191) 5(271)
OuDoor #3: 23(65) 10(260) 27(273) 8(282) 0(292)
OuDoor #4: 26(122) 28(161) 17(168) 24(187) 13(291)
OuDoor #5: 3(140) 11(165) 25(189) 22(194) 15(227)
OuDoor #6: 19(81) 20(88) 9(218) 18(310) 14(337)
Cost 194875.35
DetCost 193534
Time 1738.13
