InDoor #1: 1(140) 23(205) 17(222) 18(243) 10(252) 16(303) 15(341) 0(348) 3(369)
InDoor #2: 14(14) 12(20) 19(217) 20(251) 8(260) 4(269) 21(494) 13(-1)
InDoor #3: 2(125) 24(224) 11(250) 5(314) 22(347) 7(354) 6(492) 9(-1)
OuDoor #1: 9(163) 20(183) 14(230) 13(247) 10(382) 15(389) 23(398) 7(406)
OuDoor #2: 0(-1) 6(53) 16(186) 11(196) 4(261) 24(277) 1(362) 17(417) 18(516)
OuDoor #3: 3(-1) 2(62) 21(70) 19(81) 8(272) 22(288) 12(315) 5(325)
Cost 70464.86
DetCost 70399
Time 817.93
InDoor #1: 1(140) 11(250) 4(264) 3(369) 6(492) 13(-1) 21(502) 9(-1)
InDoor #2: 14(14) 12(20) 23(205) 19(217) 20(251) 8(260) 16(303) 0(346)
InDoor #3: 2(125) 17(222) 24(232) 18(243) 10(252) 5(314) 15(341) 22(348) 7(355)
OuDoor #1: 9(163) 20(183) 16(193) 0(209) 8(272) 22(288) 1(362) 18(516)
OuDoor #2: 21(63) 3(-1) 2(73) 19(81) 11(196) 14(230) 4(261) 24(277)
OuDoor #3: 6(53) 13(247) 12(315) 5(325) 15(381) 10(390) 17(397) 7(406) 23(420)
Cost 70464.86
DetCost 70399
Time 181.44
InDoor #1: 12(17) 14(23) 19(217) 24(226) 20(251) 16(303) 5(314) 13(444)
InDoor #2: 2(125) 1(140) 23(205) 17(222) 18(243) 10(252) 8(262) 0(346) 6(492)
InDoor #3: 11(250) 4(264) 15(341) 22(348) 7(355) 9(433) 21(494) 3(-1)
OuDoor #1: 3(-1) 0(-1) 6(53) 19(68) 2(78) 21(86) 20(183) 4(261) 1(362)
OuDoor #2: 9(163) 11(190) 16(200) 14(230) 13(247) 24(279) 22(285) 12(315) 5(325)
OuDoor #3: 8(271) 10(382) 15(389) 23(398) 7(406) 17(417) 18(516)
Cost 70464.74
DetCost 70400
Time 686.74
InDoor #1: 1(140) 19(217) 20(251) 16(303) 0(346) 7(353) 22(358) 6(492)
InDoor #2: 12(17) 14(23) 23(205) 24(224) 18(243) 10(252) 15(341) 13(444)
InDoor #3: 2(125) 17(222) 11(250) 8(260) 4(269) 5(314) 9(433) 3(-1) 21(494)
OuDoor #1: 3(155) 9(163) 20(176) 16(186) 11(196) 0(209) 4(261) 5(325)
OuDoor #2: 21(70) 19(81) 2(80) 14(230) 1(362) 10(384) 15(391) 7(400)
OuDoor #3: 6(53) 13(247) 8(271) 24(279) 22(288) 12(327) 23(409) 17(417) 18(516)
Cost 70464.51
DetCost 70400
Time 1251.53
InDoor #1: 1(140) 17(222) 24(232) 18(243) 10(252) 16(303) 13(444) 6(492)
InDoor #2: 14(14) 2(125) 11(250) 5(314) 7(342) 22(347) 3(369) 21(494)
InDoor #3: 12(17) 23(205) 19(217) 20(251) 8(260) 4(269) 15(341) 0(348) 9(433)
OuDoor #1: 9(163) 16(186) 11(196) 13(247) 12(315) 5(325) 1(362) 18(516)
OuDoor #2: 6(53) 2(62) 21(70) 0(-1) 19(81) 20(183) 3(195) 8(271)
OuDoor #3: 14(230) 4(261) 24(278) 22(287) 10(384) 15(391) 7(400) 17(411) 23(420)
Cost 70463.51
DetCost 70399
Time 1181.17
InDoor #1: 12(17) 14(23) 19(217) 20(251) 4(264) 0(346) 13(444) 6(492)
InDoor #2: 2(125) 23(205) 17(222) 11(250) 8(260) 15(341) 22(348) 7(355) 21(494)
InDoor #3: 1(140) 24(224) 18(243) 10(252) 16(303) 5(314) 3(369) 9(433)
OuDoor #1: 2(73) 19(81) 4(261) 24(278) 22(284) 12(315) 5(325) 10(403) 18(516)
OuDoor #2: 21(86) 20(183) 14(230) 13(247) 8(271) 1(362) 23(409) 17(417)
OuDoor #3: 6(53) 3(155) 0(-1) 9(163) 16(186) 11(196) 7(385) 15(391)
Cost 70464.20
DetCost 70399
Time 1596.85
InDoor #1: 2(125) 1(140) 23(205) 19(217) 24(226) 18(243) 10(252) 15(341)
InDoor #2: 17(222) 11(250) 8(260) 4(269) 16(303) 5(314) 13(444) 6(492)
InDoor #3: 14(14) 12(20) 20(251) 0(346) 7(353) 22(358) 21(494) 9(-1) 3(-1)
OuDoor #1: 6(53) 9(163) 24(278) 22(288) 1(362) 10(403) 17(411) 23(420)
OuDoor #2: 20(178) 11(188) 16(198) 0(209) 14(230) 13(247) 8(271) 15(391) 18(516)
OuDoor #3: 3(-1) 21(63) 2(73) 19(81) 4(261) 5(319) 12(327) 7(406)
Cost 70464.20
DetCost 70399
Time 1070.61
InDoor #1: 14(14) 17(222) 18(243) 10(252) 16(303) 5(314) 0(346) 7(353)
InDoor #2: 2(125) 24(224) 11(250) 8(260) 4(269) 15(341) 13(444) 6(492)
InDoor #3: 12(17) 1(140) 23(205) 19(217) 20(251) 22(347) 21(494) 9(-1) 3(-1)
OuDoor #1: 13(247) 24(278) 5(319) 12(327) 10(384) 15(391) 7(400) 18(516)
OuDoor #2: 2(62) 21(70) 3(-1) 19(81) 20(178) 11(188) 16(198) 0(209) 8(271)
OuDoor #3: 6(53) 9(163) 14(230) 4(261) 22(288) 1(362) 17(411) 23(420)
Cost 70464.20
DetCost 70399
Time 1740.16
InDoor #1: 1(140) 18(243) 10(252) 16(303) 5(314) 7(342) 3(369) 21(494)
InDoor #2: 2(125) 17(222) 11(250) 4(264) 15(341) 0(348) 6(492) 13(-1)
InDoor #3: 14(14) 12(20) 23(205) 19(217) 24(226) 20(251) 8(260) 22(347) 9(433)
OuDoor #1: 19(44) 6(53) 9(163) 20(174) 11(184) 3(195) 16(200) 18(516)
OuDoor #2: 14(230) 13(247) 8(271) 22(288) 12(315) 5(325) 1(362) 7(385) 15(391)
OuDoor #3: 0(-1) 2(78) 21(86) 4(261) 24(278) 23(395) 10(403) 17(417)
Cost 70463.51
DetCost 70399
Time 643.76
InDoor #1: 1(140) 17(222) 24(232) 11(250) 10(256) 4(266) 15(341) 0(348)
InDoor #2: 12(17) 14(23) 19(217) 18(243) 8(260) 16(303) 5(314) 22(347) 7(354)
InDoor #3: 2(125) 23(205) 20(251) 6(492) 13(-1) 21(502) 9(-1) 3(-1)
OuDoor #1: 9(163) 13(247) 8(271) 24(279) 15(380) 7(389) 23(395) 10(403)
OuDoor #2: 6(53) 2(62) 21(70) 19(81) 20(174) 11(184) 3(195) 16(200)
OuDoor #3: 0(209) 14(230) 4(261) 22(288) 12(315) 5(325) 1(362) 17(417) 18(516)
Cost 70464.51
DetCost 70400
Time 512.80
