InDoor #1: 7(42) 3(69) 9(133) 0(146) 10(249)
InDoor #2: 14(14) 2(25) 5(33) 4(164) 6(192) 1(240)
InDoor #3: 12(17) 8(60) 13(144) 11(250)
OuDoor #1: 2(97) 3(129) 11(150) 13(262) 6(274) 14(338)
OuDoor #2: 5(241) 10(246) 4(260) 8(270)
OuDoor #3: 7(74) 1(98) 12(108) 9(219) 0(283)
Cost 10019.00
DetCost 10019
Time 0.61
InDoor #1: 5(14) 2(25) 8(60) 9(133) 4(164) 1(240)
InDoor #2: 14(14) 12(20) 7(42) 6(192) 11(250)
InDoor #3: 3(69) 13(144) 0(154) 10(249)
OuDoor #1: 3(129) 10(239) 5(248) 13(253) 4(260)
OuDoor #2: 1(89) 2(97) 12(108) 8(270) 14(338)
OuDoor #3: 7(74) 11(150) 9(219) 6(274) 0(282)
Cost 10019.00
DetCost 10019
Time 0.38
InDoor #1: 14(14) 2(25) 3(69) 9(133) 6(192) 11(250)
InDoor #2: 13(144) 0(154) 4(164) 1(240)
InDoor #3: 12(17) 5(23) 7(42) 8(60) 10(249)
OuDoor #1: 1(98) 5(241) 10(246) 13(255) 8(266)
OuDoor #2: 2(97) 12(108) 3(116) 11(150) 4(260) 0(283)
OuDoor #3: 7(74) 9(219) 6(274) 14(338)
Cost 10019.00
DetCost 10019
Time 1.93
InDoor #1: 12(17) 5(23) 8(60) 9(133) 13(144) 6(192)
InDoor #2: 3(69) 1(240) 10(249) 11(259)
InDoor #3: 14(14) 2(25) 7(42) 0(146) 4(164)
OuDoor #1: 7(74) 3(129) 13(253) 5(260) 8(270) 0(283)
OuDoor #2: 11(150) 9(219) 10(246) 4(260) 6(274)
OuDoor #3: 1(89) 2(97) 12(108) 14(338)
Cost 10019.00
DetCost 10019
Time 6.18
InDoor #1: 7(42) 8(60) 3(69) 13(144) 10(249)
InDoor #2: 5(14) 14(22) 12(28) 2(34) 0(146) 4(164)
InDoor #3: 9(133) 6(192) 1(240) 11(250)
OuDoor #1: 2(97) 12(108) 13(262) 6(274) 14(338)
OuDoor #2: 7(74) 1(98) 11(150) 5(241) 10(246) 8(270)
OuDoor #3: 3(129) 9(219) 4(260) 0(283)
Cost 10019.00
DetCost 10019
Time 1.59
InDoor #1: 3(69) 8(76) 9(133) 13(144) 0(154)
InDoor #2: 2(25) 14(33) 4(164) 6(192) 1(240)
InDoor #3: 12(17) 5(23) 7(42) 10(249) 11(259)
OuDoor #1: 7(74) 9(219) 5(241) 10(246) 8(267) 13(274)
OuDoor #2: 2(97) 12(108) 3(116) 11(150) 4(260)
OuDoor #3: 1(98) 6(274) 0(282) 14(338)
Cost 10019.00
DetCost 10019
Time 8.22
InDoor #1: 14(14) 2(25) 8(60) 9(133) 0(146)
InDoor #2: 12(17) 5(23) 7(42) 3(69) 1(240)
InDoor #3: 13(144) 4(164) 6(192) 10(249) 11(259)
OuDoor #1: 3(129) 9(219) 10(246) 13(255) 8(266)
OuDoor #2: 2(97) 12(108) 11(150) 5(255) 4(260)
OuDoor #3: 7(74) 1(98) 6(274) 0(282) 14(338)
Cost 10019.00
DetCost 10019
Time 33.13
InDoor #1: 14(14) 12(20) 2(26) 7(42) 3(69)
InDoor #2: 8(60) 9(133) 13(144) 0(154) 4(164) 10(249)
InDoor #3: 5(14) 6(192) 1(240) 11(250)
OuDoor #1: 7(74) 11(150) 9(219) 10(246) 8(270)
OuDoor #2: 1(89) 2(97) 12(108) 5(260) 6(274) 0(282)
OuDoor #3: 3(129) 13(253) 4(260) 14(338)
Cost 10019.00
DetCost 10019
Time 3.15
InDoor #1: 14(14) 2(25) 7(42) 3(69) 8(76) 4(164)
InDoor #2: 9(133) 0(146) 1(240) 11(250)
InDoor #3: 5(14) 12(22) 13(144) 6(192) 10(249)
OuDoor #1: 1(98) 12(108) 3(116) 9(219) 10(246) 8(270)
OuDoor #2: 7(74) 5(248) 13(253) 4(260)
OuDoor #3: 2(97) 11(150) 6(274) 0(282) 14(338)
Cost 10019.00
DetCost 10019
Time 36.83
InDoor #1: 2(25) 14(33) 12(39) 3(69) 0(146) 6(192)
InDoor #2: 8(60) 9(133) 13(144) 4(164) 1(240)
InDoor #3: 5(14) 7(42) 10(249) 11(259)
OuDoor #1: 2(97) 3(129) 11(150) 9(219) 5(260)
OuDoor #2: 10(244) 13(253) 4(260) 0(283) 14(338)
OuDoor #3: 7(74) 1(98) 12(108) 8(266) 6(274)
Cost 10019.00
DetCost 10019
Time 53.42
