InDoor #1: 14(14) 44(64) 9(73) 23(125) 46(199)
InDoor #2: 43(24) 35(34) 55(44) 59(49) 10(129) 13(144) 19(197)
InDoor #3: 25(37) 58(58) 20(151) 21(214) 3(249)
InDoor #4: 22(27) 36(144) 31(237) 47(250) 38(273) 45(286) 2(325)
InDoor #5: 26(35) 49(185) 48(282) 40(290) 17(322) 51(346)
InDoor #6: 1(60) 5(74) 32(88) 11(130) 54(262) 12(317) 52(329) 30(339)
InDoor #7: 50(85) 42(186) 33(304) 41(330)
InDoor #8: 37(7) 0(86) 34(98) 24(124) 28(270) 27(333) 8(360)
InDoor #9: 18(3) 29(95) 16(103) 53(241) 57(315)
InDoor #10: 6(12) 39(111) 15(181) 7(222) 4(227) 56(312)
OuDoor #1: 45(164) 34(216) 39(224) 36(230) 6(318)
OuDoor #2: 12(58) 41(76) 4(165) 57(216) 33(366) 58(402)
OuDoor #3: 55(67) 40(75) 38(167) 54(172) 50(178) 24(273) 42(309)
OuDoor #4: 31(157) 11(215) 3(223) 14(258) 1(269) 7(344) 35(363)
OuDoor #5: 51(153) 9(210) 16(216) 26(301) 8(314) 20(341) 17(359)
OuDoor #6: 48(100) 19(123) 46(259) 25(329) 59(350) 0(369)
OuDoor #7: 2(97) 30(123) 44(269) 23(289) 52(381)
OuDoor #8: 49(115) 43(125) 56(287) 29(317) 28(351) 10(375)
OuDoor #9: 18(125) 15(254) 32(260) 5(288) 22(318)
OuDoor #10: 47(128) 53(178) 13(189) 37(332) 27(390) 21(397)
Cost 855904.49
DetCost 846124
Time 1348.30
InDoor #1: 6(12) 44(64) 0(86) 53(241) 38(273) 48(283)
InDoor #2: 5(74) 32(88) 34(98) 11(130) 28(270) 45(286) 41(330)
InDoor #3: 50(85) 39(111) 40(286) 33(304) 27(333)
InDoor #4: 18(3) 10(129) 21(214) 54(262) 52(329) 51(346)
InDoor #5: 37(7) 59(49) 29(95) 36(144) 4(224) 17(322)
InDoor #6: 58(58) 16(103) 24(124) 20(151) 56(312) 2(325)
InDoor #7: 14(14) 26(35) 9(73) 46(199) 7(222) 31(237) 12(317)
InDoor #8: 35(34) 55(44) 1(60) 23(125) 3(249) 57(315)
InDoor #9: 13(144) 42(186) 19(197) 47(250) 8(360)
InDoor #10: 43(24) 22(29) 25(37) 49(185) 15(191) 30(339)
OuDoor #1: 13(186) 32(260) 44(273) 26(301) 8(314) 35(363)
OuDoor #2: 48(100) 49(115) 18(125) 51(153) 23(289) 42(309)
OuDoor #3: 2(97) 19(123) 56(287) 6(307) 29(317) 28(351) 17(359)
OuDoor #4: 30(123) 5(288) 59(350) 33(363) 0(369)
OuDoor #5: 47(128) 31(157) 53(167) 38(173) 15(255) 20(341)
OuDoor #6: 55(67) 40(75) 43(125) 34(218) 22(315) 37(332) 7(344)
OuDoor #7: 4(165) 11(216) 39(224) 14(258) 25(329)
OuDoor #8: 12(58) 45(164) 50(178) 9(210) 16(216) 36(230) 24(273)
OuDoor #9: 41(76) 54(181) 57(216) 46(259) 1(269) 10(375)
OuDoor #10: 3(223) 52(381) 27(390) 21(397) 58(406)
Cost 854676.42
DetCost 845631
Time 1522.49
InDoor #1: 37(7) 6(17) 22(27) 43(34) 24(124) 40(286)
InDoor #2: 35(34) 55(44) 58(58) 11(130) 45(286) 57(315)
InDoor #3: 25(37) 59(49) 9(73) 42(186) 19(197) 21(214)
InDoor #4: 1(60) 44(68) 46(199) 48(282) 33(304) 41(330)
InDoor #5: 26(35) 10(129) 49(185) 15(191) 31(237) 54(262) 12(317) 27(333)
InDoor #6: 20(151) 38(273) 56(312) 52(329) 30(339) 51(347) 8(360)
InDoor #7: 29(95) 16(103) 4(224) 17(322)
InDoor #8: 50(85) 23(125) 36(144) 7(222) 28(270) 2(325)
InDoor #9: 18(3) 5(74) 0(86) 39(111) 53(241) 3(251)
InDoor #10: 14(14) 32(88) 34(98) 13(144) 47(250)
OuDoor #1: 41(76) 13(186) 42(309) 10(375)
OuDoor #2: 12(58) 55(67) 40(75) 51(153) 34(218) 8(314)
OuDoor #3: 31(154) 45(164) 9(209) 57(215) 3(221) 36(230) 27(390)
OuDoor #4: 30(123) 16(209) 11(216) 39(224) 26(301) 35(360)
OuDoor #5: 14(258) 6(311) 22(321) 25(329) 28(351)
OuDoor #6: 46(259) 56(287) 37(332) 59(350) 17(359) 0(369) 52(381)
OuDoor #7: 43(125) 53(167) 54(172) 50(178) 23(289) 29(317) 20(341)
OuDoor #8: 2(97) 19(123) 38(173) 44(265) 24(273) 5(288) 7(344)
OuDoor #9: 47(128) 15(254) 32(260) 21(393) 58(402)
OuDoor #10: 48(100) 49(115) 18(125) 4(165) 1(269) 33(367)
Cost 856971.19
DetCost 846093
Time 825.41
InDoor #1: 32(88) 34(98) 46(199) 7(222) 4(227) 40(286)
InDoor #2: 37(7) 0(86) 16(103) 15(181) 57(315) 51(346)
InDoor #3: 29(95) 42(186) 21(214) 48(282) 56(312)
InDoor #4: 6(12) 5(74) 50(85) 49(185) 19(197) 45(286) 12(317) 41(330)
InDoor #5: 43(24) 39(111) 24(124) 3(249) 27(333) 8(360)
InDoor #6: 9(73) 31(237) 38(273) 52(329) 30(339)
InDoor #7: 22(27) 25(37) 59(49) 58(58) 36(144) 47(250) 17(322)
InDoor #8: 14(14) 26(35) 1(60) 10(129) 20(151) 2(325)
InDoor #9: 18(3) 35(34) 55(44) 11(130) 13(144) 28(270)
InDoor #10: 44(64) 23(125) 53(241) 54(262) 33(304)
OuDoor #1: 48(100) 49(115) 39(224) 10(375) 21(396) 58(405)
OuDoor #2: 43(120) 47(128) 15(255) 29(313) 0(369)
OuDoor #3: 30(123) 3(223) 26(301) 8(314) 37(332) 17(359)
OuDoor #4: 2(97) 19(123) 16(209) 57(216) 42(309) 25(329) 35(360)
OuDoor #5: 9(212) 24(273) 6(315) 28(351) 52(381) 27(390)
OuDoor #6: 18(125) 34(213) 11(221) 14(258) 59(350) 33(367)
OuDoor #7: 55(67) 40(75) 31(157) 53(167) 38(173) 1(269) 20(341)
OuDoor #8: 13(168) 50(178) 36(230) 46(259) 5(288) 7(344)
OuDoor #9: 12(58) 41(76) 51(153) 4(165) 54(175) 23(289)
OuDoor #10: 45(164) 32(260) 44(273) 56(287) 22(321)
Cost 856943.35
DetCost 846228
Time 860.43
InDoor #1: 26(35) 58(58) 50(85) 4(224) 2(325)
InDoor #2: 22(27) 59(49) 5(74) 7(222) 17(322) 51(346)
InDoor #3: 25(37) 23(125) 56(312) 52(329) 30(339) 8(360)
InDoor #4: 35(34) 55(44) 1(60) 9(73) 0(86) 34(98) 12(317) 27(333)
InDoor #5: 32(88) 29(95) 16(103) 10(129) 47(250) 41(330)
InDoor #6: 43(24) 39(111) 36(144) 49(185) 48(282) 57(315)
InDoor #7: 13(144) 42(186) 31(237) 54(262) 38(273)
InDoor #8: 6(12) 14(22) 24(124) 3(249) 28(270) 45(286) 33(304)
InDoor #9: 11(130) 15(181) 19(197) 53(241) 40(286)
InDoor #10: 37(7) 18(17) 44(64) 20(151) 46(199) 21(214)
OuDoor #1: 55(67) 40(75) 2(97) 7(344) 58(397)
OuDoor #2: 11(221) 22(321) 20(341) 35(363) 0(369) 52(381)
OuDoor #3: 41(76) 13(189) 37(332) 59(350) 17(359) 10(375) 27(384)
OuDoor #4: 12(58) 49(115) 43(125) 15(255) 25(329) 28(351)
OuDoor #5: 48(100) 19(118) 47(128) 16(216) 1(269) 33(366)
OuDoor #6: 30(123) 31(157) 54(181) 44(265) 24(273) 26(301)
OuDoor #7: 18(125) 4(165) 14(258) 42(309) 21(396)
OuDoor #8: 51(153) 53(168) 38(173) 3(223) 32(260) 23(289) 8(314)
OuDoor #9: 50(178) 9(210) 57(216) 5(288) 6(307) 29(317)
OuDoor #10: 45(164) 34(216) 39(224) 36(230) 46(259) 56(287)
Cost 855055.81
DetCost 845302
Time 1614.83
InDoor #1: 22(27) 9(73) 23(125) 42(186) 53(241) 40(286) 2(325)
InDoor #2: 18(3) 25(37) 48(282) 17(322) 27(333)
InDoor #3: 35(34) 55(44) 0(86) 49(185) 38(273) 12(317) 52(329)
InDoor #4: 37(7) 59(49) 21(214) 56(312) 41(330)
InDoor #5: 43(24) 5(74) 34(98) 28(270) 45(286) 57(315) 51(346)
InDoor #6: 26(35) 58(58) 50(85) 16(103) 10(129)
InDoor #7: 44(64) 1(73) 32(88) 29(95) 11(130) 20(151) 19(197)
InDoor #8: 14(14) 36(144) 4(224) 3(249) 54(262) 33(304)
InDoor #9: 39(111) 24(124) 46(199) 31(237) 30(339)
InDoor #10: 6(12) 13(144) 15(181) 7(222) 47(250) 8(360)
OuDoor #1: 9(208) 16(214) 11(221) 32(260) 44(273) 7(344)
OuDoor #2: 26(301) 29(313) 20(341) 28(351) 33(366) 58(408)
OuDoor #3: 12(58) 55(67) 8(314) 25(329) 59(350) 21(405)
OuDoor #4: 19(123) 56(287) 42(309) 37(332) 17(359) 0(369)
OuDoor #5: 49(115) 53(168) 38(173) 5(288) 35(363)
OuDoor #6: 40(75) 2(97) 43(120) 47(128) 3(221) 36(230) 23(289)
OuDoor #7: 41(76) 48(100) 30(123) 51(153) 57(216) 27(390)
OuDoor #8: 18(125) 31(157) 34(218) 24(273) 6(319)
OuDoor #9: 45(162) 54(172) 50(178) 13(188) 39(224) 46(252) 14(258)
OuDoor #10: 4(165) 15(255) 1(269) 22(321) 10(372) 52(381)
Cost 855872.78
DetCost 846288
Time 1558.99
InDoor #1: 44(64) 50(85) 15(181) 12(317) 27(333)
InDoor #2: 18(3) 5(74) 32(88) 46(199) 52(329) 30(339)
InDoor #3: 1(60) 29(95) 23(125) 42(186) 3(249) 17(322) 41(332) 51(346)
InDoor #4: 9(73) 34(98) 47(250) 40(286) 2(325) 8(360)
InDoor #5: 22(27) 16(103) 49(185) 19(197) 7(222) 31(237)
InDoor #6: 26(35) 0(86) 39(111) 36(144) 56(312)
InDoor #7: 59(49) 58(58) 54(262) 38(273) 45(286) 33(304) 57(315)
InDoor #8: 43(24) 35(34) 10(129) 20(151) 28(270) 48(282)
InDoor #9: 37(7) 55(44) 11(130) 13(144) 21(214) 53(241)
InDoor #10: 6(12) 14(22) 25(37) 24(124) 4(224)
OuDoor #1: 2(97) 34(218) 25(329) 28(351) 27(390) 58(397)
OuDoor #2: 48(100) 19(123) 16(209) 11(216) 39(224) 59(350) 0(369)
OuDoor #3: 24(273) 20(341) 35(353) 17(358) 33(367) 52(381)
OuDoor #4: 49(115) 47(128) 13(183) 1(269) 7(344) 10(375)
OuDoor #5: 43(125) 9(210) 57(216) 3(222) 46(252) 14(258) 22(306) 8(314)
OuDoor #6: 30(123) 31(157) 53(167) 38(173) 44(269) 6(307) 29(317) 37(332)
OuDoor #7: 55(67) 40(75) 18(125) 4(165) 15(255) 56(287)
OuDoor #8: 45(162) 54(172) 50(178) 36(230) 23(289) 26(301)
OuDoor #9: 12(58) 41(76) 51(153) 5(288)
OuDoor #10: 32(260) 42(309) 21(402)
Cost 857658.59
DetCost 846080
Time 1755.00
InDoor #1: 37(7) 10(129) 4(224) 53(241) 12(317) 2(325)
InDoor #2: 43(24) 24(124) 13(144) 7(222) 56(312) 17(322)
InDoor #3: 18(3) 20(151) 31(237) 57(315) 52(329) 30(339)
InDoor #4: 11(130) 36(144) 3(249) 27(333) 51(346) 8(360)
InDoor #5: 22(27) 35(34) 55(44) 1(60) 39(111) 40(286) 41(330)
InDoor #6: 29(95) 42(186) 38(273) 45(286) 33(304)
InDoor #7: 32(88) 49(185) 21(214) 47(250) 54(262) 48(282)
InDoor #8: 25(37) 5(74) 0(86) 16(103) 23(125) 19(197)
InDoor #9: 26(35) 58(58) 9(73) 50(85) 34(98) 46(199) 28(270)
InDoor #10: 6(12) 14(22) 59(49) 44(64) 15(181)
OuDoor #1: 45(164) 32(260) 22(317) 25(329) 7(344) 35(360)
OuDoor #2: 51(153) 4(165) 15(253) 46(259) 37(332) 20(341)
OuDoor #3: 38(171) 14(258) 29(316) 59(350) 33(363) 0(369) 52(381)
OuDoor #4: 18(125) 31(157) 44(269) 28(351) 17(359) 10(375)
OuDoor #5: 12(58) 50(171) 54(181) 9(210) 16(216) 24(273)
OuDoor #6: 30(123) 8(311) 6(319) 27(390) 58(397)
OuDoor #7: 41(76) 48(100) 19(123) 11(215) 3(223) 1(269) 26(301)
OuDoor #8: 47(128) 57(216) 5(288) 42(309) 21(396)
OuDoor #9: 55(67) 40(75) 2(97) 49(115) 43(125) 36(230) 23(289)
OuDoor #10: 53(178) 13(189) 34(216) 39(224) 56(287)
Cost 855036.92
DetCost 845304
Time 1539.31
InDoor #1: 6(12) 4(224) 53(241) 57(315) 41(330) 51(346) 8(360)
InDoor #2: 22(27) 15(181) 28(270) 12(317) 27(333)
InDoor #3: 59(49) 9(73) 7(222) 56(312) 52(329) 30(339)
InDoor #4: 58(58) 13(144) 49(185) 47(250) 54(262) 17(322)
InDoor #5: 43(24) 26(35) 32(88) 42(186) 3(249) 40(286) 2(325)
InDoor #6: 35(34) 55(44) 0(86) 34(98) 36(144) 21(214)
InDoor #7: 5(74) 16(103) 24(124) 11(133) 20(151) 46(199)
InDoor #8: 25(37) 1(60) 29(95) 10(129) 19(197)
InDoor #9: 37(7) 18(17) 14(26) 44(64) 50(85) 39(111) 31(237)
InDoor #10: 23(125) 38(273) 48(283) 45(291) 33(304)
OuDoor #1: 11(221) 32(260) 44(273) 5(288) 35(363) 0(369) 52(381)
OuDoor #2: 55(67) 41(76) 23(289) 25(329) 28(351) 17(359)
OuDoor #3: 9(210) 16(216) 15(255) 56(287) 37(332) 59(350)
OuDoor #4: 40(75) 4(165) 1(269) 20(341) 27(390)
OuDoor #5: 48(100) 19(123) 24(273) 7(344) 21(396) 58(405)
OuDoor #6: 12(58) 2(97) 49(115) 43(125) 31(157) 6(317)
OuDoor #7: 30(118) 47(128) 51(153) 34(216) 39(224) 10(374)
OuDoor #8: 38(173) 50(178) 57(216) 3(222) 8(314) 33(367)
OuDoor #9: 18(125) 45(164) 36(230) 14(258) 22(309) 29(317)
OuDoor #10: 53(174) 54(181) 13(187) 46(259) 26(301) 42(309)
Cost 856369.94
DetCost 846699
Time 1019.02
InDoor #1: 58(58) 5(74) 9(82) 23(125) 7(222) 31(237)
InDoor #2: 59(49) 44(64) 24(124) 46(199) 4(224) 54(262)
InDoor #3: 26(35) 32(88) 16(103) 28(270) 40(286) 33(304)
InDoor #4: 22(27) 35(34) 55(44) 39(111) 21(214)
InDoor #5: 6(12) 0(86) 29(95) 36(144) 42(186) 19(197)
InDoor #6: 25(37) 34(98) 13(144) 49(185) 3(249) 38(273)
InDoor #7: 18(3) 37(12) 47(250) 45(286) 57(315) 41(330)
InDoor #8: 50(85) 11(130) 48(282) 12(317) 52(329) 30(339) 51(347)
InDoor #9: 43(24) 1(60) 56(312) 17(322) 27(333) 8(360)
InDoor #10: 14(14) 10(129) 20(151) 15(181) 53(241) 2(325)
OuDoor #1: 55(67) 40(75) 2(97) 47(128) 46(252) 14(258) 58(408)
OuDoor #2: 41(76) 43(125) 34(218) 5(288) 21(405)
OuDoor #3: 48(100) 18(125) 39(224) 36(230) 15(255) 23(289)
OuDoor #4: 12(58) 19(123) 13(189) 9(212) 56(287) 22(309) 29(317)
OuDoor #5: 30(123) 31(157) 16(209) 57(216) 8(314) 10(371)
OuDoor #6: 49(115) 3(223) 24(273) 35(360) 33(367) 27(390)
OuDoor #7: 51(153) 4(165) 50(178) 11(221) 1(269) 42(308)
OuDoor #8: 26(301) 6(317) 25(329) 59(350) 17(359) 0(369)
OuDoor #9: 44(273) 37(332) 20(341) 28(351) 52(381)
OuDoor #10: 45(161) 38(171) 53(176) 54(181) 32(260) 7(344)
Cost 855435.03
DetCost 846271
Time 664.64
