InDoor #1: 6(12) 30(22) 31(37) 70(50) 7(102)
InDoor #2: 59(9) 40(46) 57(75) 27(93) 43(104) 60(127)
InDoor #3: 3(9) 36(24) 63(39) 58(58) 8(80) 13(104) 17(122) 11(132) 34(138)
InDoor #4: 52(9) 61(40) 76(47) 4(64) 18(83) 42(106) 19(117) 45(126) 72(141) 25(157)
InDoor #5: 38(33) 2(45) 75(53) 15(61) 55(84) 69(89) 62(100) 35(114) 66(122) 21(134) 39(151)
InDoor #6: 28(30) 24(44) 74(53) 44(64) 5(74) 23(85) 16(103) 65(114) 50(125) 68(134) 51(146)
InDoor #7: 29(15) 71(44) 10(52) 67(68) 26(76) 47(90) 46(119) 37(128) 1(140)
InDoor #8: 0(6) 78(13) 20(31) 9(36) 79(51) 49(65) 32(88) 73(123) 22(147)
InDoor #9: 41(10) 33(24) 64(54) 12(77) 56(112) 53(121) 54(142)
InDoor #10: 48(2) 14(14) 77(20)
OuDoor #1: 9(113) 5(157) 73(180) 22(189) 12(194) 61(200)
OuDoor #2: 17(114) 4(120)
OuDoor #3: 42(46) 50(123) 23(130) 1(147) 70(178) 53(183) 76(191) 41(201) 78(210)
OuDoor #4: 64(65) 28(80) 37(85) 77(101) 44(124) 14(129) 16(137) 47(153) 27(165) 67(172) 57(181) 33(187)
OuDoor #5: 34(55) 10(61) 48(75) 65(82) 24(101) 54(109) 60(131) 0(148) 31(154) 36(165) 66(172)
OuDoor #6: 18(62) 7(83) 8(90) 43(117) 55(136) 59(144) 20(152) 40(164) 39(177) 29(183)
OuDoor #7: 56(49) 13(65) 6(82) 69(87) 25(93) 21(105) 38(137) 46(145) 74(152) 26(163) 3(173) 30(178) 79(188) 49(195) 75(200)
OuDoor #8: 71(64) 2(84) 58(103) 52(139) 63(158)
OuDoor #9: 51(43) 32(94) 15(137) 19(167) 45(176) 72(188)
OuDoor #10: 68(167) 11(177) 62(187) 35(196)
Cost 1098289.20
DetCost 1055938
Time 722.14
InDoor #1: 14(14) 59(20) 31(37) 47(90) 17(122)
InDoor #2: 0(6) 30(19) 38(33) 40(46) 64(55) 55(84) 43(104) 60(127)
InDoor #3: 28(30) 61(40) 75(49) 4(64) 69(89) 13(104) 73(123) 21(134) 54(142)
InDoor #4: 77(20) 20(31) 24(44) 79(53) 67(68) 18(83) 62(100) 42(107) 11(130) 22(147)
InDoor #5: 33(24) 9(33) 76(46) 58(58) 26(75) 27(93) 7(102) 19(117) 45(126)
InDoor #6: 52(9) 63(39) 10(49) 44(64) 5(74) 16(103) 65(114) 37(127) 34(138) 51(146)
InDoor #7: 41(10) 2(45) 74(53) 49(65) 8(80) 35(114) 66(122) 68(133) 72(141)
InDoor #8: 6(12) 36(24) 12(77) 23(85) 56(112) 53(121) 1(140) 25(157)
InDoor #9: 78(10) 29(19) 71(44) 15(61) 57(75) 32(88) 46(119) 39(151)
InDoor #10: 48(2) 3(10) 70(50) 50(125)
OuDoor #1: 14(129) 11(184) 61(194)
OuDoor #2: 34(55) 71(64) 16(137) 68(167) 75(184) 62(194)
OuDoor #3: 10(61) 6(84) 24(101) 54(109) 43(117) 50(124) 47(153) 26(163) 30(182) 72(192)
OuDoor #4: 56(49) 18(62) 37(85) 44(125) 23(130) 1(147) 5(157) 27(165) 3(174) 73(181) 12(190) 35(196)
OuDoor #5: 51(43) 13(65) 69(84) 8(90) 17(114) 55(136) 46(145) 74(152) 63(158) 19(167)
OuDoor #6: 64(65) 48(75) 7(84) 25(93) 9(110) 4(120) 38(137) 20(152) 40(164)
OuDoor #7: 28(83) 21(105) 60(131) 52(139) 31(154) 29(183)
OuDoor #8: 42(46) 2(84) 77(101) 0(149) 36(165) 67(172) 53(181) 76(189)
OuDoor #9: 58(103) 15(137) 66(172) 79(179) 39(186) 78(192) 22(197) 41(202) 49(211)
OuDoor #10: 65(82) 32(94) 59(144) 45(171) 70(180) 33(185) 57(190)
Cost 1098323.34
DetCost 1061576
Time 1588.69
InDoor #1: 29(15) 79(51) 32(88) 45(126)
InDoor #2: 77(20) 12(77) 47(90) 50(125)
InDoor #3: 3(9) 78(16) 33(25) 31(37) 70(50) 26(75) 23(85) 11(130)
InDoor #4: 41(10) 36(24) 63(39) 75(49) 4(64) 57(75) 18(84) 27(93) 7(102) 17(122) 22(147)
InDoor #5: 40(46) 8(80) 69(89) 43(104) 66(122) 34(138)
InDoor #6: 48(2) 52(10) 38(33) 71(44) 10(52) 44(64) 55(84) 16(103) 56(112) 73(123) 68(133) 51(146)
InDoor #7: 0(6) 30(19) 61(40) 2(47) 58(58) 49(65) 5(74) 62(100) 42(107) 19(117) 37(127) 54(142) 39(151)
InDoor #8: 28(30) 24(44) 15(61) 67(68) 13(104) 35(114) 53(121) 21(134) 72(142) 25(157)
InDoor #9: 6(12) 20(31) 9(36) 76(46) 74(53) 46(119) 60(128) 1(140)
InDoor #10: 59(9) 14(18) 64(54) 65(114)
OuDoor #1: 58(103) 11(186) 35(196)
OuDoor #2: 21(105) 49(186) 76(191)
OuDoor #3: 51(43) 32(94) 43(117) 50(124) 0(149) 30(182)
OuDoor #4: 42(46) 2(84) 25(93) 54(109) 17(114) 46(145) 5(157) 27(165) 75(177) 61(187) 62(194)
OuDoor #5: 71(64) 37(85) 24(101) 9(110) 4(120) 15(137) 20(152) 26(163) 73(179) 53(188)
OuDoor #6: 34(55) 64(65) 28(83) 77(101) 23(130) 59(144) 74(152) 63(158) 19(167) 3(174) 29(183)
OuDoor #7: 10(61) 65(82) 8(90) 44(125) 38(137) 47(153) 68(166) 66(172) 79(180) 57(187)
OuDoor #8: 56(49) 18(62) 48(75) 6(82) 69(87) 14(129) 16(137) 1(147) 36(165) 67(172) 70(181) 78(186) 72(191)
OuDoor #9: 13(65) 7(84) 60(131) 52(139) 31(154) 22(180) 41(185) 39(194)
OuDoor #10: 55(136) 40(164) 45(173) 12(182) 33(188)
Cost 1098825.48
DetCost 1056607
Time 740.10
InDoor #1: 6(12) 61(40) 70(50) 26(75) 19(117)
InDoor #2: 33(24) 38(33) 24(44) 10(53) 4(64) 5(74) 65(114)
InDoor #3: 52(9) 9(33) 2(45) 44(64) 13(104) 35(114) 45(126)
InDoor #4: 78(10) 20(31) 71(44) 79(52) 49(65) 12(77) 23(85) 27(93) 43(104) 46(119) 37(128) 22(147)
InDoor #5: 29(15) 28(30) 63(39) 75(49) 15(61) 67(68) 8(80) 7(102) 42(107) 53(121) 21(134) 51(146)
InDoor #6: 41(10) 77(20) 31(37) 76(46) 55(84) 16(103) 56(112) 73(123) 68(133) 72(141)
InDoor #7: 0(6) 14(14) 36(24) 40(46) 64(55) 58(61) 57(75) 47(90) 62(100) 66(122) 11(132) 1(140) 39(151)
InDoor #8: 3(9) 30(19) 69(89) 17(122) 60(132) 54(142)
InDoor #9: 48(2) 74(53) 50(125) 34(138) 25(157)
InDoor #10: 59(9) 18(83) 32(92)
OuDoor #1: 13(65) 69(87) 55(136) 49(194) 41(203)
OuDoor #2: 34(55) 18(62) 6(84) 25(93) 16(137)
OuDoor #3: 10(61) 7(84) 24(101) 50(124) 60(131) 52(139) 20(152) 3(171) 45(176) 78(207)
OuDoor #4: 71(64) 65(82) 9(110) 4(120) 14(129) 38(137) 46(145) 74(152) 26(163) 61(175) 76(182) 72(192)
OuDoor #5: 56(49) 64(65) 28(83) 8(90) 77(101) 17(114) 44(125) 23(130) 31(154) 36(165)
OuDoor #6: 37(85) 32(94) 58(103) 43(117) 15(137) 59(144) 5(157) 68(165) 67(171) 79(180) 70(187)
OuDoor #7: 51(43) 2(84) 1(147) 27(162) 19(167) 66(172) 73(177) 35(186) 39(194)
OuDoor #8: 42(46) 48(75) 0(147) 47(153) 63(158) 30(174) 12(184) 57(190)
OuDoor #9: 54(109) 40(164) 33(177) 53(182) 11(190) 75(200)
OuDoor #10: 21(105) 29(179) 22(189) 62(194)
Cost 1099534.43
DetCost 1060677
Time 1789.36
InDoor #1: 52(9) 0(19) 31(37) 5(74) 18(83) 66(122)
InDoor #2: 29(15) 61(40) 2(47) 4(64) 26(75) 69(89) 19(117) 37(127) 25(157)
InDoor #3: 36(24) 38(34) 24(44) 15(61) 12(77) 55(84) 32(89) 53(121) 21(134)
InDoor #4: 78(10) 77(20) 71(44) 58(58) 44(64) 57(75) 23(85) 56(112) 73(123) 68(133) 72(141)
InDoor #5: 41(10) 33(24) 20(32) 40(46) 67(68) 8(80) 47(90) 43(104) 46(119) 11(130) 1(140)
InDoor #6: 28(30) 63(39) 75(49) 64(55) 49(65) 27(93) 62(101) 35(114) 60(127) 54(142)
InDoor #7: 59(9) 9(33) 10(49) 42(106) 65(115) 45(126) 34(138)
InDoor #8: 48(2) 30(19) 76(46) 79(53) 7(102) 13(107) 50(125) 39(151)
InDoor #9: 6(12) 70(50) 16(103) 17(122) 22(147)
InDoor #10: 3(9) 14(16) 74(53) 51(146)
OuDoor #1: 69(87) 25(93) 21(105) 12(183) 22(189) 62(194)
OuDoor #2: 18(62) 24(101) 54(109) 15(137) 74(152) 61(187) 73(194)
OuDoor #3: 51(43) 34(55) 10(61) 48(75) 65(82) 46(145) 20(152) 35(191)
OuDoor #4: 42(46) 13(65) 7(84) 32(92) 77(101) 59(144) 31(154) 68(167) 29(183)
OuDoor #5: 56(49) 71(64) 28(83) 8(90) 17(114) 60(129) 16(137) 1(147) 5(157) 36(165) 45(173) 30(182)
OuDoor #6: 6(84) 58(103) 43(117) 50(124) 38(137) 47(153) 63(158) 79(181) 53(188)
OuDoor #7: 64(65) 37(85) 44(125) 55(134) 52(139) 40(164) 3(174) 57(190)
OuDoor #8: 2(84) 9(113) 14(129) 19(167) 66(172) 72(177) 70(187) 78(207)
OuDoor #9: 4(120) 23(130) 0(149) 27(165) 33(186) 76(191) 41(202)
OuDoor #10: 26(163) 67(172) 39(182) 75(188) 49(198) 11(203)
Cost 1103400.82
DetCost 1061215
Time 1393.90
InDoor #1: 33(24) 62(100) 37(127)
InDoor #2: 52(9) 77(20) 30(29) 31(37) 4(64) 32(88) 7(102) 53(121) 21(134)
InDoor #3: 29(15) 9(33) 12(77) 47(90) 42(106) 35(115) 17(122) 68(133) 72(141)
InDoor #4: 28(30) 63(39) 75(49) 15(61) 26(75) 13(104) 65(114) 50(125) 54(142) 39(151)
InDoor #5: 41(10) 20(31) 40(46) 79(55) 5(74) 23(85) 43(104) 46(119) 60(128) 34(138) 22(147)
InDoor #6: 78(10) 14(19) 38(33) 71(44) 10(52) 67(68) 8(80) 69(89) 16(103) 19(117) 45(126) 1(140)
InDoor #7: 48(2) 24(44) 44(64) 55(84) 27(93) 56(112) 66(122) 51(146)
InDoor #8: 0(6) 36(24) 76(46) 74(53) 49(65) 18(83) 11(130)
InDoor #9: 6(12) 2(45) 64(54) 57(75) 73(123) 25(157)
InDoor #10: 3(9) 59(16) 61(40) 70(50) 58(59)
OuDoor #1: 51(43) 4(120) 60(131) 1(147) 11(178) 33(188)
OuDoor #2: 58(103) 52(139) 20(152) 68(167) 45(176) 39(187) 79(193) 75(200)
OuDoor #3: 65(82) 21(105) 43(117) 44(124) 14(129) 16(137) 31(154) 70(181)
OuDoor #4: 56(49) 69(87) 50(124) 55(136) 59(144) 47(153) 63(158) 19(167) 66(172) 62(188)
OuDoor #5: 34(55) 71(64) 25(93) 9(113) 23(129) 38(137) 0(149) 5(157) 36(165) 67(172) 57(190)
OuDoor #6: 10(61) 2(84) 24(101) 15(137) 46(145) 26(163) 3(174) 30(182) 78(207)
OuDoor #7: 42(46) 18(62) 6(78) 7(83) 8(90) 77(101) 54(109) 40(164) 29(183) 12(193) 61(199)
OuDoor #8: 13(65) 48(75) 28(80) 37(85) 32(94) 17(114) 27(165)
OuDoor #9: 64(65) 22(175) 76(180) 35(190) 49(198) 41(203)
OuDoor #10: 74(152) 73(175) 53(184) 72(192)
Cost 1103259.21
DetCost 1062871
Time 1399.52
InDoor #1: 52(9) 28(30) 76(46) 74(53) 5(74) 18(83) 50(125)
InDoor #2: 14(14) 36(24) 40(46) 4(64) 8(80) 17(122)
InDoor #3: 29(15) 20(31) 63(39) 2(48) 64(56) 55(84) 27(93) 66(122) 21(134)
InDoor #4: 33(24) 9(33) 24(44) 58(58) 57(75) 69(89) 7(102) 65(114) 37(127) 34(138) 51(146)
InDoor #5: 77(20) 71(44) 79(52) 67(68) 26(76) 23(86) 43(104) 73(123) 68(133) 72(141)
InDoor #6: 78(10) 38(33) 10(49) 32(88) 42(106) 46(119) 60(128) 22(147) 25(157)
InDoor #7: 0(6) 6(13) 61(40) 75(49) 49(65) 13(104) 35(114) 53(121) 1(140)
InDoor #8: 41(10) 31(37) 44(64) 12(77) 47(90) 62(100) 56(112) 45(126) 54(142)
InDoor #9: 3(9) 30(19) 15(61) 16(103) 19(117) 11(130) 39(151)
InDoor #10: 48(2) 59(10) 70(50)
OuDoor #1: 42(46) 25(93) 9(113) 0(149)
OuDoor #2: 56(49) 64(65) 48(75) 6(84) 77(101) 75(182) 72(192)
OuDoor #3: 18(62) 37(85) 54(109) 50(124) 60(131) 31(154) 27(165) 73(181) 57(190)
OuDoor #4: 51(43) 13(65) 24(101) 17(114) 1(143) 74(152) 63(158)
OuDoor #5: 10(61) 69(87) 4(120) 55(136) 59(144) 47(153) 26(159) 36(165) 76(178) 33(188)
OuDoor #6: 34(55) 71(64) 2(82) 8(90) 58(103) 43(117) 44(125) 52(139) 20(152) 19(167) 67(172) 30(181)
OuDoor #7: 28(83) 23(129) 16(137) 5(157) 68(166) 3(172) 70(177) 12(182) 53(188)
OuDoor #8: 7(84) 32(94) 21(105) 14(129) 46(145) 29(181) 79(191) 49(198) 41(203)
OuDoor #9: 65(82) 38(137) 40(164) 66(172) 39(179) 78(185) 11(190) 61(200)
OuDoor #10: 15(137) 45(173) 62(182) 22(191) 35(196)
Cost 1101067.49
DetCost 1061681
Time 1240.41
InDoor #1: 48(2) 59(10) 2(45) 74(53) 57(75) 73(123) 72(141)
InDoor #2: 52(9) 76(46) 64(54) 4(64) 8(80) 37(127) 1(140)
InDoor #3: 0(6) 3(13) 30(20) 31(37) 10(49) 58(59) 67(68) 23(85) 46(119) 34(138) 22(147)
InDoor #4: 77(20) 24(44) 55(84) 27(93) 56(112) 45(126) 54(142) 39(151)
InDoor #5: 33(24) 20(32) 71(44) 79(52) 5(74) 18(83) 53(121) 68(133) 51(146)
InDoor #6: 29(15) 63(39) 75(49) 44(64) 26(75) 32(88) 62(100) 65(114) 66(123) 21(134) 25(157)
InDoor #7: 38(33) 40(46) 49(65) 12(77) 47(90) 16(103) 19(117) 60(127)
InDoor #8: 6(12) 28(30) 61(40) 70(50) 15(61) 69(89) 7(102) 43(107) 35(114) 50(125)
InDoor #9: 41(10) 36(24) 42(106) 11(130)
InDoor #10: 78(10) 14(19) 9(33) 13(104) 17(122)
OuDoor #1: 48(75) 9(113) 36(165) 45(176)
OuDoor #2: 6(84) 31(154) 68(167)
OuDoor #3: 64(65) 37(85) 77(101) 15(137) 20(152) 27(165) 67(170) 62(179) 53(188) 75(196)
OuDoor #4: 18(62) 7(83) 8(90) 24(101) 17(114) 46(145) 74(152) 63(158) 19(167) 66(172)
OuDoor #5: 51(43) 13(65) 69(87) 25(93) 21(105) 52(139) 5(157) 70(173) 79(178) 57(185) 49(191) 35(196) 78(207)
OuDoor #6: 10(61) 28(83) 32(94) 58(103) 14(129) 38(137) 26(163) 3(172) 33(177) 76(182) 72(192)
OuDoor #7: 34(55) 71(64) 65(82) 54(109) 4(120) 55(136) 47(153) 29(179) 22(189) 39(194)
OuDoor #8: 42(46) 2(84) 43(117) 50(124) 60(131) 59(144) 40(164) 30(182)
OuDoor #9: 56(49) 44(125) 16(137) 1(147) 73(181) 11(190) 61(200)
OuDoor #10: 23(130) 0(149) 41(191) 12(200)
Cost 1101364.83
DetCost 1061382
Time 520.21
InDoor #1: 6(12) 59(22) 10(49) 8(80) 73(123)
InDoor #2: 3(9) 14(16) 30(22) 24(44) 44(64) 57(75) 18(84) 45(126) 51(146)
InDoor #3: 70(50) 15(61) 67(68) 69(89) 19(117) 50(126) 21(135) 72(143) 25(157)
InDoor #4: 71(44) 49(65) 5(74) 55(84) 56(112) 17(122) 34(138) 22(147)
InDoor #5: 38(33) 40(46) 58(58) 26(75) 27(93) 7(102) 66(122) 60(132) 54(142) 39(151)
InDoor #6: 41(10) 33(24) 20(32) 61(40) 75(49) 4(64) 12(77) 16(103) 35(114) 53(121) 68(133) 1(141)
InDoor #7: 0(6) 29(15) 28(30) 63(39) 76(48) 79(55) 23(85) 62(100) 65(114) 37(127)
InDoor #8: 48(2) 78(10) 9(33) 31(38) 74(53) 47(90) 42(106) 46(119) 11(130)
InDoor #9: 77(20) 64(54) 32(88) 13(104)
InDoor #10: 52(9) 36(24) 2(45) 43(104)
OuDoor #1: 77(101) 68(167) 3(174) 57(182) 33(188)
OuDoor #2: 7(84) 46(145) 36(165) 73(179) 53(188)
OuDoor #3: 13(65) 65(82) 8(90) 24(101) 9(113) 15(137) 0(149) 26(163) 67(172)
OuDoor #4: 10(61) 28(82) 69(87) 25(93) 54(109) 74(151) 5(157) 27(165) 70(173) 78(178) 29(183)
OuDoor #5: 34(55) 71(64) 37(85) 17(114) 47(153) 63(158) 19(167) 66(172) 30(182)
OuDoor #6: 56(49) 6(84) 32(94) 4(120) 38(137) 59(144) 20(152) 40(164) 79(179) 22(186) 41(191) 75(200)
OuDoor #7: 64(65) 48(75) 2(84) 43(117) 60(129) 16(137) 31(154) 76(180) 12(190) 35(196)
OuDoor #8: 21(105) 44(125) 55(136) 1(147) 45(174) 62(183) 72(192)
OuDoor #9: 42(46) 58(103) 50(123) 23(130) 52(139) 49(189) 39(194)
OuDoor #10: 51(43) 18(62) 14(129) 11(188) 61(198)
Cost 1102271.87
DetCost 1058175
Time 802.99
InDoor #1: 3(9) 14(16) 36(24) 71(44) 35(114) 73(123)
InDoor #2: 41(10) 77(20) 40(46) 8(80) 46(119) 37(128)
InDoor #3: 29(15) 33(24) 38(33) 18(83) 53(121) 11(131) 72(141) 39(151)
InDoor #4: 52(9) 6(19) 20(31) 61(40) 70(50) 64(59) 57(75) 55(84) 69(89) 16(103) 65(114) 45(126) 1(140) 51(148)
InDoor #5: 31(37) 76(46) 74(53) 5(74) 23(85) 7(102) 56(112) 66(122) 22(147) 25(157)
InDoor #6: 28(30) 24(44) 58(58) 26(75) 47(90) 43(104) 19(117) 50(126) 34(138)
InDoor #7: 48(2) 78(10) 9(33) 2(45) 79(53) 49(65) 12(77) 32(88) 13(104) 17(122) 68(133) 54(142)
InDoor #8: 63(39) 4(64) 27(93) 42(106) 21(134)
InDoor #9: 0(6) 30(19) 10(49) 15(61) 67(68) 62(100)
InDoor #10: 59(9) 75(49) 44(64) 60(127)
OuDoor #1: 42(46) 10(61) 16(137) 20(152) 45(174) 79(183) 57(190)
OuDoor #2: 71(64) 52(139) 74(152) 68(167) 73(181) 75(190) 12(200)
OuDoor #3: 51(43) 34(55) 77(101) 54(109) 55(136) 1(147) 36(165) 66(172) 70(177) 30(182)
OuDoor #4: 64(65) 2(84) 24(101) 43(117) 38(137) 46(145) 5(157) 40(164) 33(175) 39(180) 35(186) 62(194)
OuDoor #5: 56(49) 13(65) 48(75) 69(87) 25(93) 9(113) 60(131) 27(165) 67(172) 29(182) 78(207)
OuDoor #6: 18(62) 28(83) 21(105) 4(120) 15(137) 59(144) 0(149) 63(158) 19(167)
OuDoor #7: 37(85) 32(94) 58(103) 17(114) 50(123) 23(130) 31(154)
OuDoor #8: 6(84) 44(125) 47(153) 26(163) 3(174) 53(184) 72(192)
OuDoor #9: 65(82) 14(129) 61(177) 49(184) 22(189) 41(194) 11(203)
OuDoor #10: 7(83) 8(90) 76(188)
Cost 1098968.27
DetCost 1059773
Time 1653.25
