InDoor #1: 5(14) 27(22) 25(30) 31(97) 30(169)
InDoor #2: 24(24) 32(38) 22(47) 12(167) 17(173) 13(244)
InDoor #3: 34(38) 29(55) 2(75) 14(164) 18(243) 19(317)
InDoor #4: 15(41) 6(92) 4(214) 0(246) 8(260) 11(350)
InDoor #5: 21(94) 28(130) 33(154) 3(319) 9(333) 1(340)
InDoor #6: 23(105) 26(125) 20(151) 16(203) 10(299) 7(342)
OuDoor #1: 10(197) 3(207) 4(272) 0(285) 15(292)
OuDoor #2: 29(55) 32(73) 18(181) 23(260) 17(376) 26(386)
OuDoor #3: 2(57) 33(69) 24(233) 22(242) 11(257) 20(366)
OuDoor #4: 28(104) 14(146) 1(259) 6(277) 9(287) 16(296) 25(368)
OuDoor #5: 31(126) 7(143) 27(161) 30(272) 8(285) 34(353)
OuDoor #6: 12(129) 21(137) 5(146) 13(159) 19(244)
Cost 305978.94
DetCost 304508
Time 1117.49
InDoor #1: 15(41) 29(55) 14(164) 13(244) 1(340)
InDoor #2: 25(27) 34(38) 12(167) 16(203) 0(246) 3(319)
InDoor #3: 32(38) 21(94) 20(151) 30(169) 17(177) 4(214)
InDoor #4: 24(24) 28(130) 18(243) 9(333) 7(342) 11(350)
InDoor #5: 5(14) 27(22) 6(92) 26(125) 8(260) 10(299)
InDoor #6: 22(47) 2(75) 31(97) 23(106) 33(154) 19(317)
OuDoor #1: 33(69) 32(77) 27(161) 19(244) 11(257)
OuDoor #2: 2(57) 18(181) 1(259) 4(272) 17(376) 26(386)
OuDoor #3: 29(55) 14(146) 13(159) 10(199) 3(209) 24(232)
OuDoor #4: 7(143) 22(241) 23(260) 6(277) 34(353) 25(368)
OuDoor #5: 28(104) 5(146) 30(272) 8(283) 16(288) 0(297)
OuDoor #6: 31(124) 21(134) 12(143) 9(283) 15(292) 20(370)
Cost 306223.29
DetCost 304403
Time 1011.96
InDoor #1: 27(3) 25(27) 29(55) 21(94) 23(105)
InDoor #2: 5(14) 24(24) 32(38) 22(47) 6(92) 17(172)
InDoor #3: 34(38) 2(75) 31(97) 30(169) 18(243) 10(299)
InDoor #4: 15(41) 26(125) 12(167) 4(214) 13(244) 9(333) 1(340)
InDoor #5: 28(130) 14(164) 8(260) 7(342) 11(350)
InDoor #6: 20(151) 33(156) 16(203) 0(246) 3(319) 19(326)
OuDoor #1: 33(69) 31(124) 0(281) 9(288) 16(297)
OuDoor #2: 29(55) 10(195) 3(205) 19(244) 4(275) 17(383)
OuDoor #3: 2(57) 27(161) 24(233) 22(242) 11(257) 25(372)
OuDoor #4: 21(137) 5(146) 18(181) 23(260) 8(285) 34(353)
OuDoor #5: 32(75) 28(104) 12(132) 7(143) 6(277) 20(365) 26(373)
OuDoor #6: 14(146) 13(159) 1(259) 30(272) 15(292)
Cost 306185.49
DetCost 304724
Time 1788.07
InDoor #1: 27(3) 5(14) 25(27) 21(94) 17(172) 3(319)
InDoor #2: 15(41) 6(92) 30(169) 8(260) 11(350)
InDoor #3: 34(38) 29(55) 28(130) 12(167) 19(317) 1(340)
InDoor #4: 32(38) 31(97) 26(125) 14(164) 0(246) 9(333) 7(342)
InDoor #5: 23(105) 20(151) 16(203) 4(214) 13(244)
InDoor #6: 24(24) 22(47) 2(75) 33(154) 18(243) 10(299)
OuDoor #1: 12(132) 30(272) 8(285) 26(370) 20(377)
OuDoor #2: 32(73) 14(146) 10(196) 24(235) 19(246) 6(277)
OuDoor #3: 2(57) 33(69) 7(143) 18(181) 16(291) 34(353)
OuDoor #4: 29(55) 28(104) 31(126) 21(137) 5(146) 3(198) 1(259)
OuDoor #5: 13(159) 11(257) 9(280) 15(289) 0(298)
OuDoor #6: 27(161) 22(241) 23(260) 4(272) 25(376) 17(386)
Cost 306095.16
DetCost 304608
Time 1737.25
InDoor #1: 5(14) 25(27) 6(92) 31(102) 10(299) 3(319)
InDoor #2: 28(130) 12(167) 18(243) 1(340) 11(350)
InDoor #3: 29(55) 23(105) 26(125) 14(164) 30(170) 13(244)
InDoor #4: 32(38) 2(75) 20(151) 17(172) 16(203) 4(214) 0(246)
InDoor #5: 15(41) 33(154) 8(260) 9(333) 7(342)
InDoor #6: 27(3) 24(24) 34(38) 22(47) 21(94) 19(317)
OuDoor #1: 32(73) 14(146) 0(281) 9(288) 15(297)
OuDoor #2: 7(143) 24(233) 22(242) 11(257) 26(370) 20(377)
OuDoor #3: 33(69) 12(129) 21(137) 5(146) 18(181) 23(260) 4(269)
OuDoor #4: 29(55) 28(98) 31(127) 13(159) 1(259) 17(383)
OuDoor #5: 27(161) 30(272) 8(283) 34(353) 25(374)
OuDoor #6: 2(57) 10(202) 3(212) 19(244) 6(277) 16(291)
Cost 306601.79
DetCost 304296
Time 1441.28
InDoor #1: 5(14) 27(22) 29(55) 14(164) 10(299)
InDoor #2: 12(167) 17(173) 16(203) 4(214) 13(244) 3(319)
InDoor #3: 24(24) 23(105) 26(125) 30(169) 0(246) 19(317)
InDoor #4: 25(27) 32(38) 6(92) 28(130) 33(154) 11(350)
InDoor #5: 34(38) 22(47) 2(75) 21(94) 20(151) 7(342)
InDoor #6: 15(41) 31(97) 18(243) 8(260) 9(333) 1(340)
OuDoor #1: 19(241) 15(290) 9(299) 0(308) 17(383)
OuDoor #2: 21(133) 12(143) 18(181) 24(231) 22(240) 11(257) 4(269)
OuDoor #3: 32(73) 31(124) 5(146) 1(259) 30(272)
OuDoor #4: 29(55) 28(104) 7(143) 16(291) 26(369) 20(376)
OuDoor #5: 2(57) 33(67) 14(146) 27(161) 8(285) 25(370)
OuDoor #6: 13(159) 10(202) 3(212) 23(260) 6(277) 34(353)
Cost 306369.81
DetCost 304619
Time 1462.29
InDoor #1: 32(38) 29(55) 6(92) 21(102) 8(260)
InDoor #2: 5(14) 27(22) 34(38) 26(125) 33(154) 3(319)
InDoor #3: 25(27) 15(41) 23(105) 28(130) 20(151) 4(214)
InDoor #4: 24(24) 2(75) 17(172) 18(243) 19(317) 1(340) 11(350)
InDoor #5: 31(97) 14(164) 30(170) 13(244) 9(333) 7(342)
InDoor #6: 22(47) 12(167) 16(203) 0(246) 10(299)
OuDoor #1: 29(55) 33(69) 32(77) 31(127) 22(242) 6(277)
OuDoor #2: 2(57) 5(146) 11(242) 30(272) 8(285)
OuDoor #3: 7(143) 13(153) 16(289) 9(298) 25(369) 26(379) 17(386)
OuDoor #4: 14(146) 27(161) 10(196) 3(206) 4(272)
OuDoor #5: 21(133) 12(143) 23(260) 0(285) 15(292) 34(353) 20(366)
OuDoor #6: 28(104) 18(181) 24(235) 19(246) 1(259)
Cost 306613.06
DetCost 304836
Time 1701.68
InDoor #1: 25(27) 26(125) 20(151) 33(156) 8(260)
InDoor #2: 27(3) 28(130) 14(164) 16(203) 18(243) 19(317)
InDoor #3: 12(167) 4(214) 13(244) 9(333) 7(342) 11(350)
InDoor #4: 24(24) 32(38) 22(47) 23(105) 30(169) 0(246)
InDoor #5: 34(38) 2(75) 6(92) 31(102) 17(172) 10(299)
InDoor #6: 5(14) 15(41) 29(55) 21(94) 3(319) 1(340)
OuDoor #1: 5(146) 13(159) 10(201) 3(211) 6(277)
OuDoor #2: 21(134) 7(143) 19(241) 23(260) 30(272) 8(285) 15(292)
OuDoor #3: 14(146) 27(161) 18(181) 11(257) 34(353)
OuDoor #4: 29(55) 32(73) 12(131) 24(232) 22(241) 1(259) 4(272)
OuDoor #5: 2(57) 31(126) 16(294) 0(303) 9(310)
OuDoor #6: 33(69) 28(101) 20(368) 25(373) 26(383) 17(390)
Cost 306134.47
DetCost 304633
Time 1618.39
InDoor #1: 5(14) 27(22) 20(151) 4(214) 10(299)
InDoor #2: 29(55) 6(92) 28(130) 19(317) 9(333) 7(342)
InDoor #3: 24(24) 32(38) 2(75) 23(105) 26(125) 33(154) 18(243)
InDoor #4: 15(41) 14(164) 16(203) 0(246) 11(350)
InDoor #5: 34(38) 22(47) 21(94) 12(167) 13(244) 3(319)
InDoor #6: 25(27) 31(97) 30(169) 17(177) 8(260) 1(340)
OuDoor #1: 12(128) 21(136) 14(146) 13(159) 19(238)
OuDoor #2: 33(69) 31(126) 7(143) 27(161) 22(241) 34(353)
OuDoor #3: 29(55) 32(73) 28(98) 5(146) 24(234) 23(260) 20(366)
OuDoor #4: 3(198) 1(259) 4(272) 17(371) 26(381)
OuDoor #5: 2(57) 18(181) 11(257) 6(277) 16(287) 0(296) 9(303)
OuDoor #6: 10(199) 30(272) 8(283) 15(292) 25(372)
Cost 306354.95
DetCost 304369
Time 1551.94
InDoor #1: 15(41) 29(55) 2(75) 6(92) 33(154)
InDoor #2: 24(24) 34(38) 28(130) 14(164) 8(260) 3(319)
InDoor #3: 32(38) 23(105) 26(125) 20(151) 12(167) 16(203)
InDoor #4: 31(97) 30(169) 18(243) 10(299) 9(333) 7(342)
InDoor #5: 27(3) 25(27) 22(47) 17(172) 0(246) 19(317) 1(340)
InDoor #6: 5(14) 21(94) 4(214) 13(244) 11(350)
OuDoor #1: 33(69) 14(146) 9(278) 0(287) 15(294)
OuDoor #2: 2(57) 28(101) 7(143) 30(272) 8(283) 20(369)
OuDoor #3: 29(55) 5(146) 27(161) 18(181) 6(277) 26(374)
OuDoor #4: 31(124) 21(134) 12(143) 13(159) 23(260) 16(291) 34(353)
OuDoor #5: 3(200) 24(232) 22(241) 1(259) 17(383)
OuDoor #6: 32(76) 10(198) 19(238) 11(257) 4(269) 25(368)
Cost 306216.70
DetCost 304367
Time 1523.64
