InDoor #1: 5(14) 2(25) 20(151) 4(164) 15(241)
InDoor #2: 12(17) 14(23) 0(146) 6(192) 10(249)
InDoor #3: 17(22) 21(94) 22(147) 1(240) 11(250)
InDoor #4: 23(5) 7(42) 8(60) 9(133) 13(144) 18(243)
InDoor #5: 19(17) 3(69) 16(103) 24(124)
OuDoor #1: 24(187) 9(221) 15(228) 4(271) 14(336)
OuDoor #2: 11(161) 21(186) 5(267) 13(275) 0(285)
OuDoor #3: 2(112) 17(165) 10(261) 8(272) 6(280)
OuDoor #4: 19(64) 23(77) 7(86) 1(107) 3(146) 22(186)
OuDoor #5: 20(91) 12(118) 16(303) 18(313)
Cost 114511.99
DetCost 115204
Time 1762.18
InDoor #1: 8(60) 3(69) 16(103) 13(144) 18(243)
InDoor #2: 17(22) 5(32) 0(146) 1(240) 10(249)
InDoor #3: 7(42) 9(133) 22(147) 15(241) 11(250)
InDoor #4: 21(94) 24(124) 20(151) 4(164) 6(192)
InDoor #5: 23(5) 14(14) 12(20) 19(26) 2(35)
OuDoor #1: 23(63) 19(76) 7(85) 20(91) 4(271)
OuDoor #2: 17(165) 10(260) 5(267) 13(275) 16(306)
OuDoor #3: 12(118) 3(146) 11(161) 6(273) 0(282)
OuDoor #4: 2(112) 22(181) 24(189) 15(228) 8(275)
OuDoor #5: 1(107) 21(186) 9(221) 18(313) 14(336)
Cost 115019.27
DetCost 115195
Time 1794.72
InDoor #1: 7(42) 21(94) 4(164) 6(192) 11(250)
InDoor #2: 14(14) 23(20) 8(60) 13(144) 15(241)
InDoor #3: 2(25) 5(33) 16(103) 0(146) 10(249)
InDoor #4: 12(17) 19(23) 17(32) 9(133) 22(147) 1(240)
InDoor #5: 3(69) 24(124) 20(151) 18(243)
OuDoor #1: 2(112) 22(181) 24(189) 0(275) 13(284)
OuDoor #2: 19(65) 23(77) 7(88) 1(107) 9(221)
OuDoor #3: 12(118) 17(165) 21(188) 5(267) 6(275)
OuDoor #4: 3(146) 11(161) 15(232) 10(261) 4(271)
OuDoor #5: 20(91) 8(276) 18(301) 16(306) 14(336)
Cost 114680.06
DetCost 115219
Time 1344.87
InDoor #1: 2(25) 12(33) 13(144) 6(192) 15(241)
InDoor #2: 14(14) 19(20) 23(29) 0(146) 10(249)
InDoor #3: 16(103) 9(133) 22(147) 4(164) 11(250)
InDoor #4: 17(22) 7(42) 8(60) 24(124) 1(240)
InDoor #5: 5(14) 3(69) 21(94) 20(151) 18(243)
OuDoor #1: 9(221) 15(228) 6(273) 18(301) 16(306)
OuDoor #2: 17(165) 5(267) 8(275) 0(283) 14(336)
OuDoor #3: 12(118) 3(146) 11(161) 24(187) 4(271)
OuDoor #4: 19(64) 23(77) 1(107) 10(261) 13(280)
OuDoor #5: 7(85) 20(91) 2(112) 22(183) 21(191)
Cost 114741.03
DetCost 115207
Time 939.37
InDoor #1: 7(42) 8(60) 3(69) 24(124) 18(243)
InDoor #2: 19(17) 23(26) 17(33) 9(133) 1(240) 11(250)
InDoor #3: 22(147) 4(164) 6(192) 10(249)
InDoor #4: 21(94) 16(103) 0(146) 20(153) 15(241)
InDoor #5: 14(14) 12(20) 2(26) 5(34) 13(144)
OuDoor #1: 19(64) 23(77) 7(85) 20(91) 13(280)
OuDoor #2: 3(146) 9(221) 10(261) 6(273) 0(282)
OuDoor #3: 12(118) 11(161) 22(181) 24(189) 5(267)
OuDoor #4: 2(112) 17(165) 21(186) 15(228) 4(271) 14(336)
OuDoor #5: 1(107) 8(275) 18(301) 16(306)
Cost 114512.30
DetCost 115203
Time 1513.79
InDoor #1: 14(14) 9(133) 20(151) 6(192) 11(250)
InDoor #2: 8(60) 21(94) 24(124) 0(146) 15(241)
InDoor #3: 5(14) 7(42) 16(103) 13(144) 10(249)
InDoor #4: 17(22) 3(69) 22(147) 4(164) 1(240)
InDoor #5: 23(5) 19(17) 2(26) 12(34) 18(243)
OuDoor #1: 1(107) 3(146) 9(221) 6(275) 0(284)
OuDoor #2: 19(65) 23(77) 2(112) 15(228) 13(277)
OuDoor #3: 7(86) 12(118) 17(165) 5(267) 8(275)
OuDoor #4: 20(91) 11(161) 24(187) 10(261) 4(271)
OuDoor #5: 22(182) 21(190) 18(301) 16(306) 14(336)
Cost 114658.38
DetCost 115208
Time 1399.89
InDoor #1: 8(60) 21(94) 24(124) 22(147) 18(243)
InDoor #2: 7(42) 9(133) 0(146) 1(240) 11(250)
InDoor #3: 17(22) 3(69) 16(103) 13(144) 4(164) 15(241)
InDoor #4: 2(25) 23(33) 20(151) 10(249)
InDoor #5: 14(14) 19(20) 12(29) 5(35) 6(192)
OuDoor #1: 19(65) 23(77) 7(87) 2(112) 11(161)
OuDoor #2: 3(146) 17(165) 21(186) 10(261) 8(275)
OuDoor #3: 20(91) 1(107) 12(118) 22(181) 24(189) 6(273)
OuDoor #4: 9(221) 15(228) 5(267) 0(281) 16(306)
OuDoor #5: 4(271) 13(280) 18(313) 14(336)
Cost 114518.40
DetCost 115205
Time 1639.68
InDoor #1: 8(60) 16(103) 22(147) 15(241) 10(249)
InDoor #2: 17(22) 3(69) 13(144) 4(164) 18(243)
InDoor #3: 21(94) 24(124) 0(146) 20(153) 1(240)
InDoor #4: 12(17) 23(23) 14(30) 9(133) 6(192) 11(250)
InDoor #5: 19(17) 5(26) 2(34) 7(42)
OuDoor #1: 19(76) 12(118) 11(161) 5(267) 8(275)
OuDoor #2: 20(91) 1(107) 17(165) 24(187) 4(271)
OuDoor #3: 7(86) 2(112) 9(221) 10(261) 13(280)
OuDoor #4: 23(63) 3(146) 22(186) 15(228) 0(281)
OuDoor #5: 21(190) 6(279) 16(303) 18(313) 14(336)
Cost 114840.04
DetCost 115209
Time 1692.25
InDoor #1: 12(17) 19(23) 22(147) 6(192) 11(250)
InDoor #2: 7(42) 3(69) 0(146) 4(164) 18(243)
InDoor #3: 2(25) 8(60) 21(94) 24(124) 13(144) 1(240)
InDoor #4: 5(14) 9(133) 20(151) 10(249)
InDoor #5: 23(5) 17(22) 14(32) 16(103) 15(241)
OuDoor #1: 11(161) 24(189) 15(228) 6(277) 0(286)
OuDoor #2: 7(85) 20(91) 17(165) 9(221) 14(336)
OuDoor #3: 19(65) 23(77) 2(112) 10(261) 8(273)
OuDoor #4: 1(107) 12(118) 3(146) 22(183) 21(191) 5(267)
OuDoor #5: 4(271) 13(283) 18(301) 16(306)
Cost 114680.59
DetCost 115218
Time 1783.41
InDoor #1: 19(17) 14(26) 16(103) 24(124) 6(192)
InDoor #2: 8(60) 9(133) 4(164) 1(240) 11(250)
InDoor #3: 12(17) 23(23) 7(42) 22(147) 18(243)
InDoor #4: 2(25) 21(94) 0(146) 20(153) 15(241)
InDoor #5: 5(14) 17(22) 3(69) 13(144) 10(249)
OuDoor #1: 12(118) 9(221) 18(301) 16(306) 14(336)
OuDoor #2: 19(65) 23(77) 3(146) 24(187) 10(261)
OuDoor #3: 7(87) 1(107) 11(161) 22(186) 8(275)
OuDoor #4: 2(112) 17(165) 21(188) 15(232) 4(271) 13(279)
OuDoor #5: 20(91) 5(267) 6(275) 0(284)
Cost 114548.87
DetCost 115213
Time 1181.38
