InDoor #1: 32(8) 27(14) 33(24) 38(33) 37(47) 26(75)
InDoor #2: 18(3) 6(12) 13(24) 31(37) 10(49) 1(60) 5(74)
InDoor #3: 20(31) 35(36) 2(45) 34(58) 4(65) 8(80)
InDoor #4: 23(5) 16(23) 28(31) 17(42) 21(54) 22(67) 12(77)
InDoor #5: 3(9) 14(16) 7(22) 36(27) 19(37) 11(50) 15(61) 39(71)
InDoor #6: 0(6) 29(15) 30(23) 9(33) 24(44) 25(77)
OuDoor #1: 14(64) 17(72) 22(81) 27(102) 25(110) 23(119)
OuDoor #2: 8(65) 28(75) 32(83) 10(93) 24(104) 39(110) 33(120)
OuDoor #3: 4(59) 15(68) 18(74) 29(80) 5(91) 37(101) 2(110)
OuDoor #4: 20(46) 12(60) 9(71) 13(77) 7(92) 1(101) 26(111)
OuDoor #5: 21(61) 34(70) 38(80) 11(91) 3(100) 31(105) 16(113)
OuDoor #6: 0(64) 19(82) 35(101) 30(107) 6(116) 36(125)
Cost 182063.04
DetCost 169206
Time 1752.29
InDoor #1: 3(9) 30(19) 7(27) 38(33) 37(47) 1(60) 8(80)
InDoor #2: 32(8) 33(24) 35(34) 2(45) 21(54) 4(64) 26(75)
InDoor #3: 6(12) 36(24) 17(42) 34(58) 22(67) 12(77)
InDoor #4: 23(5) 16(23) 20(31) 19(37) 10(49) 39(71)
InDoor #5: 18(3) 14(14) 13(24) 9(34) 24(44) 15(61) 5(74)
InDoor #6: 0(6) 27(13) 29(21) 28(30) 31(37) 11(50) 25(77)
OuDoor #1: 8(65) 13(73) 32(83) 24(98) 37(104) 16(113) 36(122)
OuDoor #2: 4(61) 9(72) 29(80) 5(91) 27(102) 39(110) 33(120)
OuDoor #3: 12(58) 15(68) 18(74) 22(81) 10(93) 3(105) 25(110)
OuDoor #4: 20(46) 21(61) 17(71) 38(80) 11(92) 31(103) 26(111)
OuDoor #5: 0(64) 28(74) 19(82) 1(99) 30(109) 23(118)
OuDoor #6: 14(64) 34(79) 7(92) 35(101) 2(107) 6(116)
Cost 182722.42
DetCost 170718
Time 1793.25
InDoor #1: 6(12) 16(23) 38(33) 37(47) 15(61) 26(75)
InDoor #2: 18(3) 23(12) 13(24) 31(37) 11(50) 4(64) 5(74)
InDoor #3: 29(15) 36(24) 35(34) 2(45) 34(58) 22(67) 12(77)
InDoor #4: 32(8) 14(14) 33(24) 19(37) 10(49) 1(60) 39(71)
InDoor #5: 3(9) 7(22) 20(31) 9(36) 17(42) 21(54) 25(77)
InDoor #6: 0(6) 27(13) 30(21) 28(30) 24(44) 8(80)
OuDoor #1: 4(61) 13(72) 19(82) 1(100) 16(110) 23(119) 36(128)
OuDoor #2: 8(65) 38(80) 5(91) 35(101) 30(107) 6(116)
OuDoor #3: 14(64) 28(75) 32(83) 7(92) 27(102) 39(110)
OuDoor #4: 12(58) 15(68) 18(74) 29(80) 11(91) 3(100) 24(105) 26(111)
OuDoor #5: 20(46) 21(61) 17(72) 22(81) 10(93) 31(102) 25(110)
OuDoor #6: 0(63) 9(72) 34(79) 37(101) 2(110) 33(119)
Cost 181321.26
DetCost 169498
Time 1749.49
InDoor #1: 23(5) 7(22) 33(27) 38(35) 37(47) 4(64) 25(77)
InDoor #2: 6(12) 16(23) 20(31) 2(45) 34(58) 5(74)
InDoor #3: 0(6) 13(24) 35(34) 17(42) 21(54) 22(67) 12(77)
InDoor #4: 18(3) 27(13) 36(24) 19(37) 10(49) 1(60) 39(71)
InDoor #5: 32(8) 14(14) 29(20) 9(33) 31(38) 11(50) 26(75)
InDoor #6: 3(9) 30(19) 28(30) 24(44) 15(61) 8(80)
OuDoor #1: 20(46) 8(65) 13(73) 32(83) 31(102) 2(110)
OuDoor #2: 4(61) 34(79) 5(91) 3(102) 30(107) 6(116)
OuDoor #3: 12(57) 15(67) 17(72) 22(81) 7(92) 1(100) 39(110) 36(120)
OuDoor #4: 0(64) 18(74) 29(80) 11(92) 27(102) 25(110) 33(119)
OuDoor #5: 21(61) 9(72) 38(80) 10(93) 24(105) 26(111)
OuDoor #6: 14(64) 28(74) 19(82) 37(98) 35(107) 16(113) 23(122)
Cost 181436.89
DetCost 169355
Time 1787.71
InDoor #1: 3(9) 32(16) 28(30) 31(37) 11(50) 39(71)
InDoor #2: 6(12) 16(23) 9(33) 17(42) 4(64) 25(77)
InDoor #3: 23(5) 27(13) 7(22) 20(31) 19(37) 10(49) 1(60) 5(74)
InDoor #4: 14(14) 33(24) 35(34) 24(44) 34(58) 12(77)
InDoor #5: 18(3) 30(19) 36(27) 2(45) 21(54) 22(67) 8(80)
InDoor #6: 0(6) 29(15) 13(24) 38(34) 37(47) 15(61) 26(75)
OuDoor #1: 12(60) 9(72) 34(79) 10(93) 35(103) 30(109)
OuDoor #2: 20(46) 14(64) 28(75) 32(83) 1(100) 25(110) 36(119)
OuDoor #3: 0(63) 17(72) 22(81) 5(91) 3(102) 2(107) 6(116)
OuDoor #4: 21(61) 15(68) 18(74) 29(80) 7(92) 37(101) 39(110)
OuDoor #5: 8(65) 38(80) 24(99) 31(105) 16(113) 23(122)
OuDoor #6: 4(61) 13(72) 19(82) 11(92) 27(103) 26(111) 33(121)
Cost 182061.57
DetCost 170807
Time 1435.60
InDoor #1: 0(6) 27(13) 13(24) 38(34) 37(47) 15(61) 26(75)
InDoor #2: 30(19) 35(34) 2(45) 11(53) 4(64) 8(80)
InDoor #3: 6(12) 20(31) 19(37) 10(49) 1(60) 5(74)
InDoor #4: 3(9) 16(23) 28(31) 17(42) 21(54) 22(67) 12(77)
InDoor #5: 23(5) 14(14) 7(22) 33(27) 9(35) 24(44) 34(58) 39(71)
InDoor #6: 18(3) 32(12) 29(18) 36(26) 31(37) 25(77)
OuDoor #1: 8(65) 28(74) 19(82) 24(96) 37(102) 26(111) 23(121)
OuDoor #2: 4(61) 13(70) 38(80) 27(102) 39(110) 36(120)
OuDoor #3: 12(58) 15(68) 18(74) 29(80) 5(91) 31(105) 6(113)
OuDoor #4: 20(46) 0(63) 17(72) 22(81) 7(92) 1(100) 2(110)
OuDoor #5: 21(61) 9(72) 34(79) 11(92) 30(101) 25(110)
OuDoor #6: 14(64) 32(83) 10(93) 3(102) 35(107) 16(113) 33(122)
Cost 182638.69
DetCost 169883
Time 1795.50
InDoor #1: 18(3) 3(12) 36(24) 31(37) 10(49) 5(74)
InDoor #2: 29(15) 33(24) 38(33) 2(45) 1(60) 26(75)
InDoor #3: 6(12) 23(22) 28(30) 17(42) 21(54) 22(67) 8(80)
InDoor #4: 32(8) 30(19) 7(27) 35(34) 24(44) 34(58) 39(71)
InDoor #5: 27(13) 16(23) 20(31) 19(37) 11(50) 4(64) 12(77)
InDoor #6: 0(6) 14(14) 13(24) 9(34) 37(47) 15(61) 25(77)
OuDoor #1: 17(70) 34(79) 1(101) 26(111) 33(121)
OuDoor #2: 14(64) 18(74) 29(80) 7(92) 24(101) 25(107) 6(116)
OuDoor #3: 4(61) 9(71) 13(77) 10(93) 27(102) 2(110)
OuDoor #4: 20(46) 21(61) 15(68) 22(76) 32(83) 11(92) 37(101) 39(110)
OuDoor #5: 12(55) 8(65) 38(80) 5(91) 31(105) 16(113) 36(122)
OuDoor #6: 0(64) 28(74) 19(82) 3(98) 35(103) 30(109) 23(118)
Cost 184381.73
DetCost 171251
Time 478.48
InDoor #1: 32(8) 14(14) 13(24) 38(34) 37(47) 5(74)
InDoor #2: 29(15) 36(24) 35(34) 2(45) 34(58) 22(67) 25(77)
InDoor #3: 0(6) 30(19) 28(30) 17(42) 21(54) 4(64) 12(77)
InDoor #4: 23(5) 6(12) 16(23) 19(37) 10(49) 1(60) 39(71)
InDoor #5: 3(9) 7(22) 20(31) 9(36) 24(44) 8(80)
InDoor #6: 18(3) 27(13) 33(24) 31(37) 11(50) 15(61) 26(75)
OuDoor #1: 4(61) 9(72) 38(80) 10(93) 35(103) 30(109)
OuDoor #2: 8(65) 18(74) 22(81) 5(91) 1(101) 26(111)
OuDoor #3: 12(58) 15(68) 13(77) 7(92) 3(100) 31(105) 16(113)
OuDoor #4: 20(46) 21(61) 17(71) 29(80) 11(92) 27(102) 39(110)
OuDoor #5: 14(64) 34(73) 32(83) 24(98) 25(104) 6(113) 33(122)
OuDoor #6: 0(64) 28(74) 19(82) 37(101) 2(110) 23(119) 36(128)
Cost 182464.64
DetCost 167498
Time 1644.50
InDoor #1: 0(6) 30(19) 27(27) 38(35) 37(47) 5(74)
InDoor #2: 6(12) 36(24) 9(34) 2(45) 21(54) 4(64) 8(80)
InDoor #3: 33(24) 35(34) 17(42) 34(58) 22(67) 12(77)
InDoor #4: 23(5) 16(23) 20(31) 31(37) 10(49) 15(61) 26(75)
InDoor #5: 3(9) 14(16) 13(24) 19(37) 11(50) 1(60) 39(71)
InDoor #6: 18(3) 32(12) 29(18) 7(26) 28(31) 24(44) 25(77)
OuDoor #1: 8(65) 13(73) 32(83) 10(93) 24(104) 25(110)
OuDoor #2: 4(61) 9(72) 29(80) 5(91) 27(102) 39(110)
OuDoor #3: 12(58) 15(68) 18(74) 38(80) 7(92) 1(101) 26(111)
OuDoor #4: 0(64) 28(74) 19(82) 37(96) 31(105) 16(113) 23(122)
OuDoor #5: 21(61) 17(72) 22(81) 11(92) 3(102) 30(107) 6(116)
OuDoor #6: 20(46) 14(64) 34(79) 35(103) 2(109) 33(118) 36(128)
Cost 181665.95
DetCost 170518
Time 1344.74
InDoor #1: 23(5) 0(12) 27(19) 38(33) 37(47) 25(77)
InDoor #2: 6(12) 13(24) 9(34) 2(45) 34(58) 22(67) 12(77)
InDoor #3: 33(24) 35(34) 17(42) 21(54) 4(64) 5(74)
InDoor #4: 32(8) 14(14) 16(23) 20(31) 19(37) 10(49) 1(60) 39(71)
InDoor #5: 29(15) 7(23) 28(30) 31(37) 11(50) 15(61) 8(80)
InDoor #6: 18(3) 3(12) 30(19) 36(27) 24(44) 26(75)
OuDoor #1: 4(61) 13(73) 32(83) 11(92) 30(101) 2(110)
OuDoor #2: 8(65) 18(74) 22(81) 7(92) 3(102) 35(107) 16(113)
OuDoor #3: 12(58) 15(68) 29(80) 5(91) 1(101) 26(111)
OuDoor #4: 21(61) 17(71) 38(80) 10(93) 31(105) 6(113) 23(122)
OuDoor #5: 20(46) 0(64) 28(74) 19(82) 37(93) 27(102) 25(110) 36(119)
OuDoor #6: 14(64) 9(72) 34(79) 24(104) 39(110) 33(120)
Cost 181586.92
DetCost 169871
Time 1657.51
