InDoor #1: 9(33) 6(92) 1(140) 12(317) 5(323) 7(342)
InDoor #2: 10(49) 11(59) 16(103) 17(122) 3(169) 0(246) 13(344)
InDoor #3: 14(14) 4(64) 19(117) 2(126) 15(141) 8(160) 18(243)
OuDoor #1: 6(108) 17(189) 13(367) 7(375) 16(383) 5(416)
OuDoor #2: 0(121) 18(187) 2(265) 11(368) 8(379) 1(386) 9(402)
OuDoor #3: 19(78) 12(137) 15(169) 3(185) 14(223) 4(365) 10(395)
Cost 62467.74
DetCost 62068
Time 687.40
InDoor #1: 11(50) 16(103) 8(160) 3(169) 5(314) 13(344)
InDoor #2: 4(64) 6(92) 17(122) 15(141) 18(243) 12(317) 7(342)
InDoor #3: 14(14) 9(33) 10(49) 19(117) 2(126) 1(140) 0(246)
OuDoor #1: 0(121) 15(169) 18(187) 14(223) 11(368) 7(382)
OuDoor #2: 19(78) 6(108) 3(185) 17(192) 4(365) 8(379) 1(386) 10(395)
OuDoor #3: 12(137) 2(265) 13(373) 16(381) 9(391) 5(399)
Cost 62469.94
DetCost 62071
Time 1409.69
InDoor #1: 9(33) 4(64) 16(103) 3(169) 5(314) 7(342)
InDoor #2: 14(14) 10(49) 6(92) 19(117) 8(160) 18(243) 12(317)
InDoor #3: 11(50) 17(122) 2(132) 1(140) 15(148) 0(246) 13(344)
OuDoor #1: 19(78) 0(121) 18(187) 13(370) 7(378) 1(386)
OuDoor #2: 6(108) 12(137) 15(169) 17(189) 14(223) 4(365) 16(383)
OuDoor #3: 3(186) 2(265) 11(368) 8(380) 9(387) 10(395) 5(416)
Cost 62468.74
DetCost 62069
Time 1742.43
InDoor #1: 14(14) 9(33) 19(117) 3(169) 0(246) 7(342)
InDoor #2: 10(49) 6(92) 16(103) 17(122) 2(132) 1(140) 18(243) 13(344)
InDoor #3: 11(50) 4(64) 15(141) 8(160) 5(314) 12(322)
OuDoor #1: 12(137) 18(187) 2(265) 13(369) 16(377) 8(387)
OuDoor #2: 6(108) 0(121) 14(223) 11(368) 7(382) 10(395) 5(416)
OuDoor #3: 19(78) 15(169) 3(186) 17(193) 4(365) 1(386) 9(402)
Cost 62473.58
DetCost 62073
Time 1327.59
InDoor #1: 10(49) 11(59) 17(122) 1(140) 15(148) 13(344)
InDoor #2: 4(64) 6(92) 16(103) 19(117) 2(126) 8(160) 18(243)
InDoor #3: 14(14) 9(33) 3(169) 0(246) 5(314) 12(322) 7(342)
OuDoor #1: 3(186) 17(193) 14(223) 11(368) 1(386) 9(402)
OuDoor #2: 19(78) 6(108) 0(121) 12(137) 15(169) 4(365) 13(374) 7(382)
OuDoor #3: 18(187) 2(265) 8(376) 16(383) 10(393) 5(416)
Cost 62473.26
DetCost 62074
Time 1506.77
InDoor #1: 14(14) 9(33) 10(49) 11(59) 3(169) 7(342)
InDoor #2: 4(64) 16(103) 17(122) 0(246) 5(314) 12(322) 13(344)
InDoor #3: 6(92) 19(117) 2(126) 1(140) 15(148) 8(160) 18(243)
OuDoor #1: 18(187) 7(369) 16(377) 8(387) 10(395) 5(416)
OuDoor #2: 19(78) 0(121) 2(265) 11(368) 13(377) 1(385) 9(402)
OuDoor #3: 6(108) 12(137) 15(169) 3(186) 17(193) 14(223) 4(365)
Cost 62478.91
DetCost 62077
Time 1516.12
InDoor #1: 9(33) 6(92) 3(169) 18(243) 5(314) 12(322)
InDoor #2: 14(14) 4(64) 16(103) 19(117) 15(141) 8(160) 0(246) 13(344)
InDoor #3: 10(49) 11(59) 17(122) 2(132) 1(140) 7(342)
OuDoor #1: 6(108) 18(187) 14(223) 4(365) 7(375) 16(383)
OuDoor #2: 19(78) 0(121) 12(137) 15(169) 3(185) 2(265) 11(368)
OuDoor #3: 17(191) 13(364) 1(372) 8(380) 9(387) 10(395) 5(416)
Cost 62469.74
DetCost 62070
Time 719.88
InDoor #1: 4(64) 6(92) 16(103) 17(122) 1(140) 15(148) 3(169)
InDoor #2: 10(49) 11(59) 19(117) 8(160) 0(246) 12(317) 13(344)
InDoor #3: 9(33) 14(38) 2(125) 18(243) 5(314) 7(342)
OuDoor #1: 19(78) 6(108) 0(121) 18(187) 14(223) 4(365)
OuDoor #2: 12(137) 15(169) 17(189) 2(265) 11(368) 16(377) 8(387)
OuDoor #3: 3(186) 13(370) 7(378) 1(386) 10(394) 9(402) 5(416)
Cost 62469.07
DetCost 62069
Time 948.77
InDoor #1: 14(14) 9(33) 11(50) 2(125) 1(140) 7(342)
InDoor #2: 4(64) 6(92) 16(103) 17(122) 15(141) 3(169) 18(243)
InDoor #3: 10(49) 19(117) 8(160) 0(246) 12(317) 5(323) 13(344)
OuDoor #1: 17(189) 13(367) 16(375) 10(385) 5(393) 9(402)
OuDoor #2: 19(78) 6(108) 0(121) 18(187) 14(223) 4(365) 1(386)
OuDoor #3: 12(137) 15(169) 3(185) 2(265) 11(368) 7(379) 8(387)
Cost 62468.60
DetCost 62068
Time 763.51
InDoor #1: 9(33) 17(122) 8(160) 3(169) 18(243) 7(342)
InDoor #2: 10(49) 11(59) 6(92) 16(103) 19(117) 1(140) 15(148) 0(246)
InDoor #3: 14(14) 4(64) 2(125) 5(314) 12(322) 13(344)
OuDoor #1: 15(169) 18(187) 13(368) 8(376) 16(383) 10(393)
OuDoor #2: 6(108) 0(121) 12(137) 3(185) 2(265) 4(365) 1(386)
OuDoor #3: 19(78) 17(191) 14(223) 11(368) 7(382) 9(390) 5(398)
Cost 62470.06
DetCost 62070
Time 344.33
