InDoor #1: 14(14) 4(64) 15(141) 0(246) 18(253) 5(314) 12(322)
InDoor #2: 9(33) 6(92) 16(103) 1(140) 13(344) 7(354)
InDoor #3: 10(49) 11(59) 19(117) 17(126) 2(136) 8(160) 3(169)
OuDoor #1: 2(265) 4(347) 11(356) 1(367) 7(375) 16(383)
OuDoor #2: 19(67) 6(92) 12(102) 0(108) 18(171) 17(181) 13(373)
OuDoor #3: 15(156) 3(191) 14(223) 10(379) 8(387) 9(394) 5(402)
Cost 17695.00
DetCost 17695
Time 125.51
InDoor #1: 9(33) 4(64) 6(92) 17(122) 2(132) 8(160)
InDoor #2: 14(14) 16(103) 19(117) 15(141) 1(148) 18(243) 5(314) 12(322)
InDoor #3: 10(49) 11(59) 3(169) 0(246) 7(342) 13(347)
OuDoor #1: 19(67) 6(92) 12(102) 0(108) 18(173) 13(373) 5(416)
OuDoor #2: 15(156) 17(181) 11(344) 4(353) 9(387) 10(395)
OuDoor #3: 3(191) 14(223) 2(265) 1(361) 16(369) 7(379) 8(387)
Cost 17695.00
DetCost 17695
Time 187.75
InDoor #1: 14(14) 10(49) 11(59) 6(92) 16(103) 2(125) 18(243)
InDoor #2: 19(117) 15(141) 0(246) 5(314) 12(322) 7(342) 13(347)
InDoor #3: 9(33) 4(64) 17(122) 1(140) 3(169) 8(176)
OuDoor #1: 19(67) 4(347) 11(356) 16(377) 8(387) 9(402)
OuDoor #2: 6(92) 12(102) 0(108) 2(265) 10(374) 7(382) 5(416)
OuDoor #3: 15(156) 18(165) 17(175) 3(191) 14(223) 1(365) 13(373)
Cost 17695.00
DetCost 17695
Time 685.54
InDoor #1: 16(103) 2(125) 15(141) 3(169) 18(243) 5(314) 7(342)
InDoor #2: 10(49) 11(59) 4(65) 6(92) 12(317) 13(344)
InDoor #3: 14(14) 9(33) 19(117) 17(126) 1(140) 8(160) 0(246)
OuDoor #1: 18(165) 17(175) 3(191) 14(223) 7(379) 8(387)
OuDoor #2: 6(97) 12(122) 11(344) 4(353) 13(373) 16(381) 9(391) 5(399)
OuDoor #3: 19(67) 0(108) 15(156) 2(265) 10(378) 1(386)
Cost 17695.00
DetCost 17695
Time 11.80
InDoor #1: 3(169) 0(246) 18(253) 5(314) 12(322) 7(342)
InDoor #2: 14(14) 9(33) 10(49) 17(122) 2(132) 1(140) 8(160)
InDoor #3: 4(64) 11(73) 6(92) 16(103) 19(117) 15(141) 13(344)
OuDoor #1: 17(175) 3(191) 2(265) 1(369) 16(377) 8(387) 9(402)
OuDoor #2: 19(67) 6(92) 12(102) 0(108) 18(173) 11(356) 5(416)
OuDoor #3: 15(156) 14(223) 4(353) 13(366) 10(374) 7(382)
Cost 17695.00
DetCost 17695
Time 16.38
InDoor #1: 11(50) 10(56) 4(66) 6(92) 16(103) 7(342)
InDoor #2: 14(14) 19(117) 17(126) 2(136) 15(144) 3(169) 0(246)
InDoor #3: 9(33) 1(140) 8(160) 18(243) 5(314) 12(322) 13(344)
OuDoor #1: 6(92) 12(102) 0(108) 18(173) 14(223) 9(402)
OuDoor #2: 19(67) 17(175) 3(191) 2(265) 13(356) 1(364) 16(372) 7(382)
OuDoor #3: 15(156) 11(344) 4(353) 10(379) 8(387) 5(416)
Cost 17695.00
DetCost 17695
Time 28.29
InDoor #1: 14(14) 10(49) 8(160) 3(169) 18(243) 5(314) 12(322)
InDoor #2: 9(33) 17(122) 2(132) 15(141) 1(148) 0(246)
InDoor #3: 11(50) 4(64) 6(92) 16(103) 19(117) 7(342) 13(347)
OuDoor #1: 12(102) 0(108) 15(156) 17(163) 18(173) 3(191)
OuDoor #2: 19(67) 6(97) 2(265) 11(344) 4(353) 7(378) 1(386)
OuDoor #3: 14(223) 13(368) 8(376) 16(383) 10(393) 9(401) 5(416)
Cost 17695.00
DetCost 17695
Time 26.66
InDoor #1: 9(33) 11(50) 19(117) 17(126) 2(136) 5(314)
InDoor #2: 14(14) 4(64) 3(169) 8(176) 0(246) 12(317) 7(342)
InDoor #3: 10(49) 6(92) 16(103) 1(140) 15(148) 18(243) 13(344)
OuDoor #1: 0(108) 12(122) 17(163) 18(173) 14(223) 8(375) 7(382)
OuDoor #2: 15(156) 3(191) 2(265) 4(347) 11(356) 13(373) 16(383)
OuDoor #3: 19(67) 6(97) 1(379) 9(387) 10(395) 5(416)
Cost 17695.00
DetCost 17695
Time 74.73
InDoor #1: 14(14) 17(122) 2(132) 1(140) 15(148) 18(243)
InDoor #2: 10(49) 11(59) 19(117) 3(169) 8(176) 12(317) 5(323)
InDoor #3: 9(33) 4(64) 6(92) 16(103) 0(246) 7(342) 13(347)
OuDoor #1: 19(67) 0(108) 12(122) 1(379) 9(387) 10(395)
OuDoor #2: 6(97) 15(156) 17(163) 18(173) 3(191) 11(344) 4(353) 5(416)
OuDoor #3: 14(223) 2(265) 13(360) 7(368) 8(376) 16(383)
Cost 17695.00
DetCost 17695
Time 29.29
InDoor #1: 11(50) 10(56) 16(103) 19(117) 17(126) 0(246)
InDoor #2: 9(33) 4(64) 2(125) 1(140) 15(148) 5(314) 12(322)
InDoor #3: 14(14) 6(92) 3(169) 8(176) 18(243) 13(344) 7(354)
OuDoor #1: 19(67) 0(92) 6(97) 12(122) 2(265) 16(383)
OuDoor #2: 15(156) 17(163) 18(173) 11(356) 13(365) 1(373) 9(402) 5(410)
OuDoor #3: 3(191) 14(223) 4(353) 7(371) 10(379) 8(387)
Cost 17695.00
DetCost 17695
Time 101.84
