InDoor #1: 23(5) 5(14) 19(22) 1(40) 22(48)
InDoor #2: 20(1) 14(14) 3(20) 24(27) 18(43) 10(52)
InDoor #3: 17(22) 7(42) 21(47) 11(55)
InDoor #4: 8(10) 12(19) 9(33) 15(41) 0(48)
InDoor #5: 16(3) 4(14) 2(25) 6(42) 13(52)
OuDoor #1: 12(54) 21(66) 11(75) 14(85) 1(95)
OuDoor #2: 5(53) 18(61) 17(66) 2(75) 20(83)
OuDoor #3: 8(60) 0(68) 9(77) 6(84) 13(93)
OuDoor #4: 4(51) 16(59) 15(75) 3(84) 22(91)
OuDoor #5: 19(71) 10(82) 7(89) 23(95) 24(103)
Cost 44250.16
DetCost 39578
Time 1547.82
InDoor #1: 16(3) 3(19) 2(26) 6(42) 11(52)
InDoor #2: 8(10) 14(19) 9(33) 15(41) 0(48)
InDoor #3: 4(14) 17(23) 7(42) 21(47) 13(55)
InDoor #4: 23(5) 12(17) 24(24) 18(43) 10(52)
InDoor #5: 20(1) 5(14) 19(22) 1(40) 22(48)
OuDoor #1: 2(67) 15(75) 10(84) 7(91) 1(97)
OuDoor #2: 4(51) 16(59) 19(71) 20(82) 3(92)
OuDoor #3: 5(52) 8(60) 0(68) 9(77) 14(84)
OuDoor #4: 18(63) 11(75) 6(85) 22(94) 24(102)
OuDoor #5: 12(54) 21(67) 17(76) 23(86) 13(94)
Cost 44348.07
DetCost 40768
Time 709.52
InDoor #1: 4(14) 3(23) 9(33) 15(41) 10(49)
InDoor #2: 12(17) 2(25) 7(42) 22(47) 13(54)
InDoor #3: 23(5) 5(14) 17(22) 1(40) 21(48)
InDoor #4: 20(1) 8(10) 14(19) 24(25) 18(43) 11(52)
InDoor #5: 16(3) 19(17) 6(42) 0(52)
OuDoor #1: 4(51) 16(59) 21(70) 22(79) 14(87)
OuDoor #2: 8(61) 0(70) 3(79) 6(86) 10(95)
OuDoor #3: 12(54) 17(66) 2(75) 20(83) 13(93)
OuDoor #4: 5(53) 18(63) 9(68) 11(75) 24(85) 7(91)
OuDoor #5: 19(66) 15(75) 23(88) 1(96)
Cost 44067.93
DetCost 40136
Time 1797.41
InDoor #1: 8(10) 3(19) 2(26) 1(40) 22(48)
InDoor #2: 16(3) 4(14) 19(23) 9(33) 13(44) 21(54)
InDoor #3: 12(17) 17(23) 18(43) 10(52)
InDoor #4: 23(5) 5(14) 15(41) 0(48) 11(55)
InDoor #5: 20(1) 14(14) 24(24) 7(42) 6(47)
OuDoor #1: 5(53) 21(67) 17(76) 10(85) 6(92)
OuDoor #2: 4(51) 0(66) 11(75) 24(85) 3(91) 7(98)
OuDoor #3: 18(63) 19(68) 9(77) 14(84)
OuDoor #4: 12(51) 8(61) 2(75) 20(83) 1(93)
OuDoor #5: 16(59) 15(75) 22(85) 23(93) 13(101)
Cost 43823.67
DetCost 40491
Time 1412.08
InDoor #1: 16(3) 14(14) 17(22) 6(42) 11(52)
InDoor #2: 20(1) 5(14) 19(22) 1(40) 0(48)
InDoor #3: 8(10) 12(19) 24(25) 18(43) 10(52)
InDoor #4: 23(5) 2(25) 7(42) 21(47) 13(55)
InDoor #5: 4(14) 3(23) 9(33) 15(41) 22(48)
OuDoor #1: 16(59) 15(75) 22(84) 23(92) 13(100)
OuDoor #2: 5(53) 19(66) 2(75) 20(83) 10(93)
OuDoor #3: 12(53) 18(63) 0(68) 9(77) 14(84)
OuDoor #4: 8(61) 11(75) 3(85) 7(92) 24(98)
OuDoor #5: 4(51) 21(67) 17(76) 6(85) 1(94)
Cost 43872.65
DetCost 40464
Time 1780.83
InDoor #1: 20(1) 23(6) 12(17) 4(23) 1(40) 22(48)
InDoor #2: 14(14) 19(20) 9(33) 18(43) 10(52)
InDoor #3: 17(22) 7(42) 21(47) 13(55)
InDoor #4: 16(3) 5(14) 24(24) 15(41) 0(48)
InDoor #5: 8(10) 3(19) 2(26) 6(42) 11(52)
OuDoor #1: 5(53) 21(66) 11(75) 10(85) 3(92)
OuDoor #2: 4(51) 18(63) 17(68) 9(77) 6(86)
OuDoor #3: 12(51) 8(61) 0(70) 22(79) 14(87)
OuDoor #4: 16(59) 19(71) 20(81) 7(91) 1(97)
OuDoor #5: 2(67) 15(75) 24(86) 23(92) 13(100)
Cost 44467.22
DetCost 41025
Time 1547.05
InDoor #1: 23(5) 19(17) 12(26) 1(40) 21(48)
InDoor #2: 14(14) 3(20) 9(33) 15(41) 13(48)
InDoor #3: 4(14) 24(24) 7(42) 22(47) 10(54)
InDoor #4: 16(3) 5(14) 17(22) 18(43) 11(52)
InDoor #5: 8(10) 20(19) 2(25) 6(42) 0(52)
OuDoor #1: 0(67) 17(76) 24(85) 7(91) 1(97)
OuDoor #2: 4(51) 16(59) 21(70) 6(79) 3(88)
OuDoor #3: 5(53) 8(61) 2(75) 20(83) 22(93)
OuDoor #4: 12(53) 18(63) 9(68) 11(75) 14(85)
OuDoor #5: 19(66) 15(75) 10(84) 23(91) 13(99)
Cost 43993.68
DetCost 39783
Time 1674.72
InDoor #1: 20(1) 4(14) 23(23) 1(40) 22(48)
InDoor #2: 5(14) 3(22) 9(33) 15(41) 21(48)
InDoor #3: 16(3) 12(17) 17(23) 18(43) 10(52)
InDoor #4: 19(17) 24(26) 7(42) 0(47) 11(54)
InDoor #5: 8(10) 14(19) 2(25) 6(42) 13(52)
OuDoor #1: 5(53) 21(66) 11(75) 3(85) 10(92)
OuDoor #2: 4(51) 18(63) 0(68) 9(77) 14(84)
OuDoor #3: 8(61) 2(75) 20(83) 24(93) 22(99)
OuDoor #4: 12(54) 19(67) 17(76) 13(85) 1(95)
OuDoor #5: 16(59) 15(75) 6(84) 7(93) 23(99)
Cost 43721.55
DetCost 41241
Time 868.75
InDoor #1: 16(3) 19(17) 2(26) 6(42) 0(52)
InDoor #2: 20(1) 8(10) 14(19) 9(33) 18(43) 11(52)
InDoor #3: 12(17) 17(23) 7(42) 22(47) 10(54)
InDoor #4: 4(14) 3(23) 15(41) 13(48)
InDoor #5: 23(5) 5(14) 24(24) 1(40) 21(48)
OuDoor #1: 5(53) 19(66) 15(75) 13(85) 22(95)
OuDoor #2: 4(51) 18(63) 9(68) 2(75) 20(83) 1(93)
OuDoor #3: 8(61) 11(75) 23(85) 24(93) 7(99)
OuDoor #4: 16(59) 21(70) 3(81) 14(88)
OuDoor #5: 12(54) 0(67) 17(76) 10(86) 6(93)
Cost 44236.78
DetCost 41303
Time 1760.16
InDoor #1: 4(14) 2(25) 7(42) 22(47) 21(54)
InDoor #2: 23(5) 14(14) 17(22) 18(43) 11(52)
InDoor #3: 5(14) 3(22) 9(33) 13(44) 10(54)
InDoor #4: 20(1) 8(10) 24(24) 1(40) 6(48)
InDoor #5: 16(3) 12(17) 19(23) 15(41) 0(48)
OuDoor #1: 5(53) 8(61) 11(75) 13(85) 1(95)
OuDoor #2: 18(63) 21(68) 9(77) 7(84) 3(90)
OuDoor #3: 4(51) 0(66) 2(75) 20(83) 23(93)
OuDoor #4: 12(54) 17(66) 15(75) 6(84) 10(93)
OuDoor #5: 16(59) 19(71) 14(82) 24(92) 22(98)
Cost 44561.77
DetCost 39567
Time 1789.80
