InDoor #1: 7(42) 15(91) 20(151) 34(188) 50(265) 23(305) 37(367) 21(394)
InDoor #2: 18(93) 35(124) 45(196) 1(240) 17(322) 8(360) 48(372) 44(424)
InDoor #3: 30(69) 6(192) 40(376) 11(400) 53(421) 9(433)
InDoor #4: 19(17) 38(93) 16(103) 42(186) 46(199) 52(239) 47(250) 12(317)
InDoor #5: 14(14) 36(54) 32(88) 39(111) 26(125) 31(147) 54(172) 58(238)
InDoor #6: 29(5) 57(45) 27(153) 51(166) 28(180) 56(312) 2(325) 49(365)
InDoor #7: 3(69) 13(144) 5(164) 41(330) 10(399) 59(409) 0(446)
InDoor #8: 43(24) 25(127) 24(136) 55(224) 22(297) 33(304) 4(314)
OuDoor #1: 42(62) 36(82) 46(122) 59(277) 13(284) 19(363) 26(412)
OuDoor #2: 31(175) 28(219) 8(254) 9(270) 33(276) 12(387) 5(397) 30(412)
OuDoor #3: 40(114) 21(123) 39(132) 25(156) 20(211) 1(222) 22(391) 34(399)
OuDoor #4: 54(112) 16(118) 44(264) 11(286) 2(452) 18(464) 14(476)
OuDoor #5: 15(102) 6(124) 23(224) 57(255) 38(268) 24(464) 41(470)
OuDoor #6: 27(187) 3(234) 47(296) 52(310) 0(331) 4(346) 53(352) 17(357)
OuDoor #7: 56(79) 32(164) 45(181) 50(195) 35(346) 49(422) 58(448)
OuDoor #8: 29(62) 10(308) 37(320) 51(327) 55(465) 7(473) 48(481) 43(486)
Cost 943317.67
DetCost 934333
Time 1262.94
InDoor #1: 14(14) 35(124) 27(153) 5(164) 52(239) 21(394) 9(433)
InDoor #2: 30(69) 26(125) 24(135) 51(166) 1(240) 48(372) 10(399)
InDoor #3: 38(93) 20(151) 28(180) 6(192) 55(224) 58(238) 2(325) 37(367) 59(409)
InDoor #4: 19(17) 32(88) 16(103) 13(144) 45(196) 47(250) 49(365) 0(446)
InDoor #5: 36(54) 25(127) 31(147) 54(172) 42(186) 46(199) 40(376) 11(400)
InDoor #6: 18(93) 34(188) 56(312) 4(321) 41(330) 8(360) 53(421)
InDoor #7: 29(5) 15(91) 50(265) 22(297) 33(304) 12(317) 17(323)
InDoor #8: 43(24) 7(42) 57(47) 3(69) 39(111) 23(305) 44(424)
OuDoor #1: 36(82) 45(181) 44(264) 59(276) 26(412) 48(466) 14(476)
OuDoor #2: 39(132) 8(254) 9(270) 33(276) 12(387) 49(422) 43(475)
OuDoor #3: 54(112) 6(124) 20(211) 3(234) 57(255) 38(268) 41(467)
OuDoor #4: 16(118) 32(164) 27(187) 50(195) 28(219) 52(310) 5(397) 24(465)
OuDoor #5: 40(114) 25(156) 31(175) 1(222) 34(399) 30(412) 58(447) 2(452)
OuDoor #6: 29(57) 23(224) 10(308) 0(331) 35(346) 4(357) 22(394) 7(489)
OuDoor #7: 42(62) 15(102) 13(284) 53(352) 17(357) 18(462) 55(471)
OuDoor #8: 56(79) 46(120) 21(126) 47(287) 11(292) 37(320) 51(327) 19(363)
Cost 942816.34
DetCost 934490
Time 1504.21
InDoor #1: 24(124) 34(188) 47(250) 56(312) 37(367) 44(424) 9(433)
InDoor #2: 30(69) 15(91) 26(125) 25(135) 20(151) 8(360) 48(372) 53(421)
InDoor #3: 29(5) 32(88) 31(147) 46(199) 1(240) 33(304) 40(376) 21(394)
InDoor #4: 27(153) 45(196) 52(239) 22(297) 23(305) 10(399) 0(446)
InDoor #5: 14(14) 19(20) 36(54) 3(69) 18(93) 5(164) 6(192) 58(238) 59(409)
InDoor #6: 7(42) 38(93) 54(172) 42(186) 55(224) 12(317) 41(330) 49(365)
InDoor #7: 57(45) 16(103) 39(111) 13(144) 28(180) 50(265) 17(322)
InDoor #8: 43(24) 35(124) 51(166) 4(314) 2(325) 11(400)
OuDoor #1: 31(175) 33(270) 59(276) 9(282) 52(310) 51(324) 0(331)
OuDoor #2: 46(123) 23(224) 38(268) 19(364) 12(387) 5(397) 41(469)
OuDoor #3: 1(222) 8(254) 37(320) 22(391) 34(399) 26(412) 58(447) 2(452)
OuDoor #4: 28(219) 44(264) 4(358) 49(422) 24(462) 55(468) 14(476)
OuDoor #5: 29(56) 36(69) 56(79) 40(114) 21(126) 45(181) 20(211) 57(255)
OuDoor #6: 15(102) 54(112) 39(130) 25(156) 50(195) 11(283) 10(291) 47(300) 35(346)
OuDoor #7: 42(62) 16(117) 6(124) 32(164) 27(187) 3(234) 13(284)
OuDoor #8: 53(352) 17(357) 30(412) 18(464) 7(473) 48(481) 43(486)
Cost 942871.29
DetCost 934638
Time 1571.50
InDoor #1: 29(5) 15(91) 35(124) 25(131) 45(196) 33(304) 4(314)
InDoor #2: 30(69) 16(103) 39(111) 26(125) 6(192) 56(312) 2(325)
InDoor #3: 14(14) 7(42) 38(93) 42(186) 46(199) 22(297) 12(317)
InDoor #4: 57(45) 32(88) 18(94) 28(180) 34(188) 17(322) 40(376) 21(394)
InDoor #5: 36(54) 3(69) 13(144) 20(154) 54(172) 52(239) 49(365) 0(446)
InDoor #6: 43(24) 1(240) 23(305) 41(330) 48(372) 11(400) 44(424)
InDoor #7: 19(17) 27(153) 5(164) 58(238) 47(250) 50(265) 8(360) 53(421) 9(433)
InDoor #8: 24(124) 31(147) 51(166) 55(224) 37(367) 10(399) 59(409)
OuDoor #1: 28(219) 37(320) 18(465) 24(474) 43(480) 48(488) 7(493)
OuDoor #2: 42(62) 36(82) 16(117) 6(124) 20(211) 1(222) 51(324) 0(331)
OuDoor #3: 15(102) 54(112) 46(120) 21(126) 23(223) 10(308) 34(399) 14(474)
OuDoor #4: 29(62) 50(195) 52(310) 53(353) 4(358) 5(397) 26(412) 55(467)
OuDoor #5: 56(79) 40(114) 32(164) 31(175) 44(264) 19(357) 22(394)
OuDoor #6: 8(254) 59(270) 33(276) 35(346) 12(387) 30(412) 41(467)
OuDoor #7: 39(132) 25(156) 45(181) 3(234) 57(255) 9(270) 13(284) 17(357)
OuDoor #8: 27(187) 38(268) 47(287) 11(292) 49(422) 58(447) 2(452)
Cost 941062.90
DetCost 934342
Time 1602.57
InDoor #1: 38(93) 39(111) 58(238) 4(314) 2(325) 49(365) 21(394)
InDoor #2: 16(103) 5(164) 45(196) 55(224) 41(330) 10(399) 59(409) 44(424)
InDoor #3: 18(93) 13(144) 27(154) 42(186) 46(199) 56(312) 37(367) 11(400)
InDoor #4: 30(69) 6(192) 52(239) 22(297) 12(317) 8(360) 40(376)
InDoor #5: 32(88) 51(166) 1(240) 23(305) 17(322) 48(372) 9(433) 0(446)
InDoor #6: 14(14) 29(20) 57(45) 3(69) 31(147) 47(250) 50(265) 33(304)
InDoor #7: 19(17) 43(26) 36(54) 26(125) 54(172) 28(180) 53(421)
InDoor #8: 7(42) 15(91) 24(124) 35(133) 25(140) 20(151) 34(188)
OuDoor #1: 29(62) 15(102) 54(112) 6(124) 3(234) 57(255) 26(412) 24(473)
OuDoor #2: 36(82) 16(118) 45(181) 28(219) 52(310) 51(327) 35(346) 49(422)
OuDoor #3: 40(114) 21(126) 32(164) 1(222) 0(331) 22(394) 55(469)
OuDoor #4: 39(132) 27(187) 20(211) 23(224) 44(264) 17(357) 12(387) 34(399)
OuDoor #5: 31(175) 8(254) 59(277) 10(308) 37(320) 53(353) 4(358) 5(397)
OuDoor #6: 56(79) 46(123) 38(265) 9(270) 33(276) 13(284) 19(363) 30(412)
OuDoor #7: 50(195) 58(447) 2(452) 18(464) 14(474) 7(489)
OuDoor #8: 42(62) 25(156) 11(285) 47(296) 41(470) 48(479) 43(484)
Cost 942696.11
DetCost 934776
Time 1796.46
InDoor #1: 25(127) 45(196) 50(265) 56(312) 41(330) 37(367) 44(424)
InDoor #2: 7(42) 32(88) 13(144) 51(166) 6(192) 47(250) 22(297) 33(304)
InDoor #3: 15(91) 46(199) 1(240) 12(317) 4(323) 48(372) 10(399) 59(409)
InDoor #4: 18(93) 16(103) 39(111) 20(151) 42(186) 52(239) 49(365) 40(376)
InDoor #5: 57(45) 38(93) 26(125) 58(238) 17(322) 8(360) 21(394)
InDoor #6: 14(14) 3(69) 31(147) 28(180) 34(188) 23(305) 2(325) 11(400)
InDoor #7: 29(5) 30(69) 5(164) 54(172) 55(224) 53(421) 9(433) 0(446)
InDoor #8: 43(24) 19(29) 36(54) 24(124) 35(133) 27(153)
OuDoor #1: 21(126) 28(219) 13(284) 51(324) 0(331) 35(346) 17(355)
OuDoor #2: 32(164) 20(211) 1(222) 38(268) 33(276) 10(308) 37(320)
OuDoor #3: 42(62) 40(114) 23(223) 8(254) 52(310) 12(387) 5(397) 49(422)
OuDoor #4: 16(117) 6(124) 27(187) 44(264) 11(286) 22(394) 14(476)
OuDoor #5: 29(62) 36(82) 54(112) 31(175) 57(255) 4(353) 34(399) 26(412)
OuDoor #6: 56(79) 15(102) 46(123) 25(156) 59(277) 19(353) 53(363) 2(452)
OuDoor #7: 45(181) 50(195) 3(234) 9(280) 47(298) 24(464) 41(470)
OuDoor #8: 39(132) 30(412) 58(448) 18(462) 55(471) 43(479) 48(487) 7(492)
Cost 942295.60
DetCost 934353
Time 1615.66
InDoor #1: 14(14) 35(124) 25(131) 31(147) 5(164) 54(172) 28(180)
InDoor #2: 38(93) 27(153) 51(166) 4(314) 17(323) 37(367) 21(394)
InDoor #3: 7(42) 3(69) 18(93) 39(111) 13(144) 34(188) 41(330) 49(365) 11(400) 0(446)
InDoor #4: 16(103) 20(151) 42(186) 58(238) 22(297) 56(312) 8(360) 44(424)
InDoor #5: 32(88) 46(199) 33(304) 12(317) 48(372) 10(399) 59(409) 9(433)
InDoor #6: 29(5) 30(69) 6(192) 55(224) 1(240) 23(305) 40(376)
InDoor #7: 43(24) 57(45) 36(54) 26(125) 45(196) 52(239) 50(265)
InDoor #8: 19(17) 15(91) 24(124) 47(250) 2(325) 53(421)
OuDoor #1: 45(181) 50(195) 19(364) 30(412) 24(464) 41(470) 43(479)
OuDoor #2: 54(112) 31(175) 47(296) 52(310) 17(357) 12(387) 26(412)
OuDoor #3: 42(62) 56(79) 15(102) 40(114) 6(124) 32(164) 35(346)
OuDoor #4: 29(56) 16(118) 39(130) 27(187) 23(224) 3(234) 57(255) 0(331)
OuDoor #5: 10(308) 37(320) 51(327) 53(353) 4(358) 22(394) 49(422) 14(474)
OuDoor #6: 36(82) 46(120) 21(126) 20(211) 1(222) 8(254) 11(284) 5(397)
OuDoor #7: 25(155) 28(219) 44(264) 59(274) 13(284) 34(399) 58(447) 2(452)
OuDoor #8: 38(265) 9(270) 33(276) 18(462) 55(471) 48(484) 7(489)
Cost 943662.47
DetCost 934749
Time 1635.61
InDoor #1: 20(151) 54(172) 28(180) 34(188) 41(330) 8(360) 44(424)
InDoor #2: 32(88) 16(103) 39(111) 35(124) 51(166) 42(186) 4(314)
InDoor #3: 43(24) 7(42) 3(69) 38(93) 27(153) 6(192) 56(312) 12(321)
InDoor #4: 5(164) 45(196) 22(297) 33(304) 49(365) 11(400) 53(421) 9(433)
InDoor #5: 19(17) 36(54) 30(69) 23(305) 40(376) 10(399) 59(409) 0(446)
InDoor #6: 14(14) 57(45) 18(93) 24(124) 46(199) 58(238) 2(325) 37(367)
InDoor #7: 15(91) 26(125) 25(135) 31(147) 55(224) 1(240) 17(322) 48(372)
InDoor #8: 29(5) 13(144) 52(239) 47(250) 50(265) 21(394)
OuDoor #1: 50(195) 11(288) 47(296) 10(301) 52(310) 35(346) 41(470)
OuDoor #2: 16(117) 6(124) 31(175) 27(187) 51(327) 17(355) 19(364) 2(452)
OuDoor #3: 42(62) 56(79) 54(112) 20(211) 0(331) 30(412) 58(447)
OuDoor #4: 36(82) 15(102) 40(114) 45(181) 28(219) 53(353) 4(358) 22(394)
OuDoor #5: 21(126) 1(222) 59(276) 37(320) 34(399) 24(465)
OuDoor #6: 29(62) 39(132) 25(153) 23(224) 3(234) 57(255) 38(268) 5(397) 49(422)
OuDoor #7: 46(123) 8(254) 33(276) 12(387) 14(468) 7(478) 43(486) 48(495)
OuDoor #8: 32(164) 44(264) 9(272) 13(284) 26(412) 18(462) 55(471)
Cost 942454.82
DetCost 934557
Time 1754.13
InDoor #1: 14(14) 30(69) 32(88) 26(125) 25(135) 31(147) 58(238) 47(250)
InDoor #2: 7(42) 38(93) 5(164) 55(224) 1(240) 37(367) 11(400)
InDoor #3: 18(93) 16(103) 24(124) 27(153) 54(172) 28(180) 52(239) 2(325)
InDoor #4: 57(45) 15(91) 13(144) 20(154) 51(166) 34(188) 48(372)
InDoor #5: 39(111) 46(199) 50(265) 4(314) 8(360) 40(376) 44(424)
InDoor #6: 36(54) 3(69) 45(196) 56(312) 21(394) 9(433) 0(446)
InDoor #7: 29(5) 43(24) 6(192) 22(297) 23(305) 41(330) 49(365) 59(409)
InDoor #8: 19(17) 35(124) 42(186) 33(304) 12(317) 17(323) 10(399) 53(421)
OuDoor #1: 42(62) 36(82) 15(102) 40(114) 57(255) 11(287) 30(412)
OuDoor #2: 54(112) 45(181) 3(234) 8(254) 38(268) 4(353) 41(470)
OuDoor #3: 16(118) 50(195) 44(264) 53(359) 19(364) 24(470) 14(476)
OuDoor #4: 6(124) 32(164) 31(175) 23(224) 9(270) 33(276) 12(387) 34(399)
OuDoor #5: 46(120) 21(126) 27(187) 1(222) 59(277) 13(284) 52(310) 5(397)
OuDoor #6: 56(79) 28(219) 51(322) 0(331) 17(357) 22(394) 26(412)
OuDoor #7: 25(156) 20(211) 47(296) 10(308) 37(320) 35(346) 49(422) 58(447)
OuDoor #8: 29(61) 39(132) 2(452) 18(462) 55(471) 43(479) 48(487) 7(492)
Cost 941992.91
DetCost 934502
Time 1063.21
InDoor #1: 25(127) 42(186) 49(365) 10(399) 59(409) 9(433) 0(446)
InDoor #2: 7(42) 36(54) 3(69) 18(93) 24(124) 27(153) 6(192) 50(265)
InDoor #3: 43(24) 30(69) 38(93) 39(111) 35(124) 5(164) 45(196) 33(304)
InDoor #4: 16(103) 20(151) 51(166) 46(199) 22(297) 56(312) 17(322) 37(367)
InDoor #5: 29(5) 57(45) 31(147) 34(188) 58(238) 41(330) 11(400) 53(421)
InDoor #6: 26(125) 54(172) 52(239) 23(305) 12(317) 4(323) 48(372)
InDoor #7: 14(14) 19(20) 32(88) 13(144) 28(180) 55(224) 1(240) 8(360)
InDoor #8: 15(91) 47(250) 2(325) 40(376) 21(394) 44(424)
OuDoor #1: 42(62) 49(422) 18(456) 24(465) 48(471) 14(476) 7(489)
OuDoor #2: 56(79) 20(211) 59(277) 13(284) 47(294) 10(299) 52(310) 12(387)
OuDoor #3: 36(82) 54(112) 6(124) 45(181) 28(219) 58(448) 55(469)
OuDoor #4: 16(118) 1(222) 11(285) 37(320) 0(331) 30(412) 2(452) 41(470)
OuDoor #5: 29(62) 40(114) 46(123) 31(175) 23(224) 57(255) 35(346)
OuDoor #6: 15(102) 21(123) 39(132) 27(187) 44(264) 4(351) 17(357)
OuDoor #7: 25(151) 32(164) 50(195) 3(234) 8(254) 38(268) 19(354) 53(364) 5(397)
OuDoor #8: 9(270) 33(276) 51(327) 22(391) 34(399) 26(412) 43(486)
Cost 943099.08
DetCost 934966
Time 1692.40
