InDoor #1: 11(10) 14(16) 13(24) 0(34)
InDoor #2: 6(12) 5(22) 1(30)
InDoor #3: 10(9) 12(19) 2(25) 7(33)
InDoor #4: 3(9) 9(16) 4(21) 8(30)
OuDoor #1: 6(53) 8(61) 12(68) 11(76)
OuDoor #2: 10(54) 3(63) 5(72)
OuDoor #3: 9(55) 13(64) 0(71) 14(78)
OuDoor #4: 7(52) 4(59) 2(68) 1(78)
Cost 653.13
DetCost 154
Time 181.89
InDoor #1: 6(12) 13(24) 5(34)
InDoor #2: 11(10) 14(16) 2(25) 1(33)
InDoor #3: 3(9) 9(16) 12(21) 0(27) 7(34)
InDoor #4: 10(9) 4(19) 8(30)
OuDoor #1: 6(53) 8(61) 12(68) 5(76)
OuDoor #2: 10(53) 4(62) 1(71) 11(79)
OuDoor #3: 9(55) 13(64) 0(71)
OuDoor #4: 7(52) 3(59) 2(68) 14(78)
Cost 670.87
DetCost 152
Time 1754.41
InDoor #1: 10(9) 6(19) 1(30)
InDoor #2: 11(10) 5(16) 13(24) 0(34)
InDoor #3: 3(9) 9(16) 12(21) 8(30)
InDoor #4: 7(12) 14(17) 2(25) 4(33)
OuDoor #1: 6(53) 8(61) 12(68) 5(76)
OuDoor #2: 10(54) 13(63) 0(70)
OuDoor #3: 7(52) 4(59) 2(68) 1(78)
OuDoor #4: 9(55) 3(64) 14(73) 11(81)
Cost 573.71
DetCost 157
Time 584.62
InDoor #1: 11(10) 4(16) 7(25) 0(30)
InDoor #2: 6(12) 13(24) 1(34)
InDoor #3: 3(9) 14(16) 5(22) 8(30)
InDoor #4: 10(9) 9(19) 2(25) 12(33)
OuDoor #1: 6(53) 8(61) 2(68) 1(78)
OuDoor #2: 10(54) 13(63) 0(70)
OuDoor #3: 7(52) 4(59) 12(68) 5(76)
OuDoor #4: 9(55) 3(64) 14(73) 11(81)
Cost 733.74
DetCost 157
Time 43.43
InDoor #1: 6(12) 13(24) 0(34)
InDoor #2: 3(9) 14(16) 4(22) 1(31)
InDoor #3: 10(9) 12(19) 2(25) 7(33)
InDoor #4: 11(10) 5(16) 9(24) 8(30)
OuDoor #1: 6(53) 8(61) 12(68) 1(76)
OuDoor #2: 10(54) 3(63) 14(72) 11(80)
OuDoor #3: 9(55) 13(64) 0(71)
OuDoor #4: 7(52) 4(59) 2(68) 5(78)
Cost 608.53
DetCost 156
Time 1567.11
InDoor #1: 11(10) 5(16) 13(24) 0(34)
InDoor #2: 10(9) 6(19) 1(30)
InDoor #3: 3(9) 14(16) 12(22) 2(28) 7(36)
InDoor #4: 4(14) 9(23) 8(30)
OuDoor #1: 10(54) 3(63) 14(72)
OuDoor #2: 6(53) 8(61) 12(68) 1(76)
OuDoor #3: 9(55) 13(64) 0(71) 5(78)
OuDoor #4: 7(52) 4(59) 2(68) 11(78)
Cost 613.29
DetCost 154
Time 993.51
InDoor #1: 7(12) 14(17) 13(24) 0(34)
InDoor #2: 10(9) 6(19) 1(30)
InDoor #3: 3(9) 4(16) 2(25) 12(33)
InDoor #4: 11(10) 5(16) 9(24) 8(30)
OuDoor #1: 10(54) 3(63) 5(72)
OuDoor #2: 6(53) 8(61) 12(68) 1(76)
OuDoor #3: 9(55) 13(64) 0(71) 14(78)
OuDoor #4: 7(52) 4(59) 2(68) 11(78)
Cost 374.60
DetCost 154
Time 1357.81
InDoor #1: 6(12) 13(24) 12(34)
InDoor #2: 10(9) 9(19) 7(24) 8(30)
InDoor #3: 3(9) 5(16) 2(25) 0(33)
InDoor #4: 11(10) 14(16) 4(22) 1(31)
OuDoor #1: 9(55) 3(64) 1(73) 14(81)
OuDoor #2: 7(52) 4(60) 2(69)
OuDoor #3: 6(53) 8(61) 12(68) 11(76)
OuDoor #4: 10(54) 13(63) 0(70) 5(77)
Cost 602.92
DetCost 158
Time 532.67
InDoor #1: 10(9) 4(19) 1(30)
InDoor #2: 9(13) 14(18) 13(24) 0(34)
InDoor #3: 3(9) 6(16) 2(26) 7(34)
InDoor #4: 11(10) 5(16) 12(24) 8(30)
OuDoor #1: 6(53) 8(61) 2(68) 5(78)
OuDoor #2: 10(54) 13(63) 0(70) 11(77)
OuDoor #3: 9(55) 3(64) 1(73) 14(81)
OuDoor #4: 7(52) 4(60) 12(69)
Cost 569.61
DetCost 160
Time 859.48
InDoor #1: 6(12) 14(22) 8(30)
InDoor #2: 10(9) 5(19) 2(27) 12(35)
InDoor #3: 3(9) 9(16) 4(21) 1(30)
InDoor #4: 11(10) 7(16) 13(24) 0(34)
OuDoor #1: 7(52) 4(59) 2(68) 5(78)
OuDoor #2: 9(55) 3(64) 14(73) 11(81)
OuDoor #3: 6(53) 8(61) 0(68)
OuDoor #4: 10(53) 13(62) 12(69) 1(77)
Cost 647.15
DetCost 155
Time 1202.41
