InDoor #1: 16(7) 27(45) 3(249) 21(262) 17(298)
InDoor #2: 25(13) 24(220) 22(243) 26(251) 5(266)
InDoor #3: 12(125) 0(134) 19(149) 6(204) 18(243) 11(322)
InDoor #4: 15(13) 4(32) 9(193) 14(206) 13(216) 23(245)
InDoor #5: 7(6) 10(33) 2(61) 1(69) 8(288) 20(319)
OuDoor #1: 17(168) 21(178) 14(344) 16(353) 9(362)
OuDoor #2: 26(107) 12(232) 20(258) 0(270) 6(287)
OuDoor #3: 2(126) 18(143) 23(152) 27(164) 24(169) 25(230) 5(342)
OuDoor #4: 3(103) 11(112) 1(214) 22(226) 7(287)
OuDoor #5: 13(179) 10(228) 8(298) 15(339) 4(344) 19(350)
Cost 196072.92
DetCost 196068
Time 843.75
InDoor #1: 12(125) 19(149) 9(193) 26(251) 17(298)
InDoor #2: 4(32) 10(41) 0(134) 24(220) 23(245)
InDoor #3: 6(204) 13(216) 22(243) 3(250) 5(266) 8(288)
InDoor #4: 1(60) 2(68) 14(206) 18(243) 21(262) 11(322)
InDoor #5: 7(6) 15(13) 16(20) 25(28) 27(45) 20(319)
OuDoor #1: 23(139) 18(148) 24(169) 1(214) 0(270)
OuDoor #2: 26(95) 3(103) 11(112) 13(176) 12(232)
OuDoor #3: 21(174) 25(230) 20(258) 6(287) 8(298) 4(345)
OuDoor #4: 17(170) 22(226) 7(287) 5(342) 14(350) 9(359)
OuDoor #5: 2(126) 27(171) 10(228) 15(342) 16(347) 19(356)
Cost 196220.09
DetCost 195891
Time 1595.14
InDoor #1: 7(6) 16(11) 10(33) 27(45) 9(193)
InDoor #2: 15(13) 25(20) 1(60) 2(68) 14(206) 18(243)
InDoor #3: 6(204) 13(216) 23(245) 5(266) 20(319)
InDoor #4: 12(125) 24(220) 3(249) 21(262) 8(288) 17(298) 11(322)
InDoor #5: 4(32) 0(134) 19(149) 22(243) 26(251)
OuDoor #1: 3(114) 2(123) 1(214) 10(228) 16(370)
OuDoor #2: 11(97) 26(107) 17(170) 22(226) 4(344)
OuDoor #3: 23(141) 27(169) 21(174) 25(230) 6(287) 9(359)
OuDoor #4: 18(148) 13(176) 12(232) 7(287) 15(337) 5(342)
OuDoor #5: 24(169) 20(258) 0(270) 8(288) 19(350) 14(374)
Cost 196318.73
DetCost 195873
Time 631.75
InDoor #1: 10(33) 27(45) 2(61) 21(262) 17(298) 11(322)
InDoor #2: 15(13) 19(149) 9(193) 18(243) 5(266)
InDoor #3: 25(13) 16(22) 4(32) 14(206) 23(245)
InDoor #4: 1(60) 12(125) 0(134) 6(204) 13(216) 26(251)
InDoor #5: 7(6) 24(220) 22(243) 3(250) 8(288) 20(319)
OuDoor #1: 26(96) 11(104) 3(114) 17(168) 5(342)
OuDoor #2: 2(126) 27(164) 24(169) 10(228) 6(287)
OuDoor #3: 13(176) 1(214) 22(226) 7(287) 14(361) 16(370)
OuDoor #4: 23(139) 18(148) 21(174) 25(230) 0(270) 15(347)
OuDoor #5: 12(232) 20(258) 8(298) 4(348) 19(354) 9(362)
Cost 196180.94
DetCost 195886
Time 625.39
InDoor #1: 25(13) 15(22) 22(243) 26(251) 17(298)
InDoor #2: 27(45) 9(193) 23(245) 3(252) 11(322)
InDoor #3: 4(32) 10(41) 1(60) 12(125) 14(206) 18(243)
InDoor #4: 7(6) 2(61) 0(134) 19(149) 6(204) 13(216) 21(262)
InDoor #5: 16(7) 24(220) 5(266) 8(288) 20(319)
OuDoor #1: 17(170) 20(258) 0(270) 16(351) 9(360)
OuDoor #2: 18(148) 1(214) 10(228) 15(337) 5(342)
OuDoor #3: 26(98) 2(106) 3(114) 13(176) 22(226) 7(287)
OuDoor #4: 11(112) 27(147) 23(152) 24(169) 25(230) 4(344)
OuDoor #5: 21(172) 12(232) 6(287) 8(298) 14(344) 19(353)
Cost 196291.86
DetCost 196193
Time 795.76
InDoor #1: 15(13) 16(20) 7(28) 10(33) 4(43) 8(288)
InDoor #2: 0(134) 9(193) 14(206) 23(245) 17(298)
InDoor #3: 12(125) 6(204) 13(216) 18(243) 5(266) 20(319)
InDoor #4: 19(149) 24(220) 26(251) 21(262) 11(322)
InDoor #5: 25(13) 27(45) 2(61) 1(69) 22(243) 3(250)
OuDoor #1: 26(97) 3(105) 11(114) 10(228) 8(298)
OuDoor #2: 18(148) 21(174) 1(214) 22(226) 7(287)
OuDoor #3: 27(168) 25(230) 6(287) 15(338) 4(343) 9(359)
OuDoor #4: 2(126) 23(141) 24(169) 12(232) 0(270) 5(342)
OuDoor #5: 17(167) 13(177) 20(258) 19(350) 16(358) 14(367)
Cost 196142.54
DetCost 195881
Time 1792.02
InDoor #1: 7(6) 16(11) 15(19) 27(45) 0(134) 20(319)
InDoor #2: 25(13) 4(32) 12(125) 14(206) 5(266)
InDoor #3: 10(33) 13(216) 23(245) 21(262) 11(322)
InDoor #4: 2(61) 9(193) 6(204) 24(220) 18(243) 3(252)
InDoor #5: 1(60) 19(149) 22(243) 26(251) 17(298) 8(308)
OuDoor #1: 3(114) 18(143) 23(152) 22(226) 15(347)
OuDoor #2: 27(170) 10(228) 6(287) 4(342) 14(374)
OuDoor #3: 2(126) 17(169) 25(230) 7(287) 5(342) 16(370)
OuDoor #4: 26(107) 21(172) 13(178) 1(214) 12(232) 8(288)
OuDoor #5: 11(112) 24(169) 20(258) 0(270) 19(351) 9(359)
Cost 196341.55
DetCost 196054
Time 1335.26
InDoor #1: 25(13) 10(33) 9(193) 14(206) 11(322)
InDoor #2: 2(61) 12(125) 0(134) 19(149) 18(243)
InDoor #3: 4(32) 1(60) 13(216) 23(245) 5(266) 20(319)
InDoor #4: 6(204) 24(220) 22(243) 26(251) 21(262) 8(288) 17(298)
InDoor #5: 15(13) 7(20) 16(25) 27(45) 3(249)
OuDoor #1: 13(176) 1(214) 22(226) 5(342) 9(359)
OuDoor #2: 2(126) 18(143) 23(152) 24(169) 10(228)
OuDoor #3: 27(168) 25(230) 6(287) 15(339) 19(344) 4(352)
OuDoor #4: 21(174) 12(232) 20(258) 0(270) 7(287) 8(298)
OuDoor #5: 26(95) 3(103) 11(112) 17(170) 14(361) 16(370)
Cost 195990.97
DetCost 196072
Time 1518.61
InDoor #1: 15(13) 4(32) 6(204) 24(220) 8(288)
InDoor #2: 2(61) 13(216) 18(243) 17(298) 11(322)
InDoor #3: 16(7) 12(125) 9(193) 23(245) 5(266) 20(319)
InDoor #4: 1(60) 0(134) 14(206) 22(243) 3(250) 21(262)
InDoor #5: 25(13) 7(22) 10(33) 27(45) 19(149) 26(251)
OuDoor #1: 26(106) 3(114) 12(232) 4(345) 16(370)
OuDoor #2: 2(126) 27(170) 25(230) 7(287) 5(342) 19(350)
OuDoor #3: 17(169) 13(179) 1(214) 10(228) 6(287)
OuDoor #4: 18(143) 23(152) 21(172) 22(226) 20(258) 8(287)
OuDoor #5: 11(112) 24(169) 0(270) 15(345) 14(350) 9(359)
Cost 196098.40
DetCost 196056
Time 987.97
InDoor #1: 27(45) 2(61) 1(69) 24(220) 26(251)
InDoor #2: 19(149) 6(204) 13(216) 22(243) 3(250)
InDoor #3: 15(13) 12(125) 0(134) 14(206) 23(245) 20(319)
InDoor #4: 16(7) 9(193) 18(243) 21(262) 17(298) 11(322)
InDoor #5: 7(6) 25(13) 10(33) 4(43) 5(266) 8(288)
OuDoor #1: 21(172) 12(232) 0(270) 9(359) 16(370)
OuDoor #2: 24(169) 25(230) 20(258) 15(339) 4(344)
OuDoor #3: 26(107) 18(143) 23(152) 17(167) 13(177) 22(226) 14(374)
OuDoor #4: 3(114) 1(214) 10(228) 7(287) 5(342) 19(350)
OuDoor #5: 11(112) 2(122) 27(170) 6(287) 8(298)
Cost 195827.52
DetCost 196062
Time 1469.94
