InDoor #1: 2(25) 7(42) 8(60) 9(133) 10(249)
InDoor #2: 14(14) 3(69) 13(144) 4(164) 11(250)
InDoor #3: 19(17) 12(26) 5(32) 0(146) 1(240)
InDoor #4: 17(22) 16(103) 6(192) 15(241) 18(248)
OuDoor #1: 1(98) 3(144) 9(220) 15(230) 5(267)
OuDoor #2: 7(86) 2(100) 11(151) 17(162) 4(265) 16(306)
OuDoor #3: 19(63) 10(257) 13(273) 18(308) 14(339)
OuDoor #4: 12(110) 8(260) 6(267) 0(277)
Cost 17805.75
DetCost 17151
Time 505.83
InDoor #1: 8(60) 16(103) 13(144) 4(164) 6(192)
InDoor #2: 14(14) 5(20) 2(28) 0(146) 11(250)
InDoor #3: 17(22) 12(32) 3(69) 1(240) 18(248)
InDoor #4: 19(17) 7(42) 9(133) 15(241) 10(249)
OuDoor #1: 19(63) 11(151) 17(162) 15(213) 9(220) 13(273)
OuDoor #2: 1(86) 12(94) 2(100) 4(265) 0(285)
OuDoor #3: 7(86) 10(257) 6(267) 14(339)
OuDoor #4: 3(144) 8(260) 5(267) 18(296) 16(306)
Cost 17805.75
DetCost 17151
Time 191.96
InDoor #1: 2(25) 5(33) 7(42) 8(60) 0(146) 4(164)
InDoor #2: 17(22) 14(32) 13(144) 11(250)
InDoor #3: 19(17) 12(26) 3(69) 16(103) 1(240) 10(249)
InDoor #4: 9(133) 6(192) 15(241) 18(248)
OuDoor #1: 1(92) 2(100) 9(220) 8(270) 14(339)
OuDoor #2: 11(151) 17(162) 15(230) 4(265) 0(285)
OuDoor #3: 7(86) 12(110) 10(257) 5(267) 18(308)
OuDoor #4: 19(63) 3(144) 6(263) 13(273) 16(306)
Cost 17805.75
DetCost 17151
Time 83.51
InDoor #1: 5(14) 2(25) 8(60) 9(133) 6(192) 18(243)
InDoor #2: 19(17) 12(26) 14(32) 11(250)
InDoor #3: 3(69) 13(144) 0(154) 4(164) 15(241)
InDoor #4: 17(22) 7(42) 16(103) 1(240) 10(249)
OuDoor #1: 12(110) 11(135) 3(144) 13(273) 0(281)
OuDoor #2: 15(213) 9(220) 4(265) 16(298) 18(308)
OuDoor #3: 7(86) 17(162) 8(260) 6(267) 14(339)
OuDoor #4: 19(63) 1(92) 2(100) 10(257) 5(267)
Cost 17805.75
DetCost 17151
Time 225.21
InDoor #1: 12(17) 7(42) 8(60) 16(103) 4(164)
InDoor #2: 14(14) 17(22) 5(32) 1(240) 10(249)
InDoor #3: 2(25) 3(69) 9(133) 13(144) 11(250)
InDoor #4: 19(17) 0(146) 6(192) 15(241) 18(248)
OuDoor #1: 19(63) 2(85) 12(92) 1(98) 13(273)
OuDoor #2: 15(213) 9(220) 10(257) 5(267) 0(285)
OuDoor #3: 7(86) 11(135) 3(144) 17(162) 4(265) 14(339)
OuDoor #4: 8(260) 6(267) 18(296) 16(306)
Cost 17805.75
DetCost 17151
Time 74.03
InDoor #1: 12(17) 7(42) 9(133) 6(192) 15(241) 18(248)
InDoor #2: 17(22) 2(32) 13(144) 11(250)
InDoor #3: 3(69) 16(103) 0(146) 4(164) 10(249)
InDoor #4: 19(17) 5(26) 14(34) 8(60) 1(240)
OuDoor #1: 3(144) 8(260) 6(267) 0(277) 14(339)
OuDoor #2: 1(86) 12(94) 2(100) 17(162) 4(265)
OuDoor #3: 19(63) 7(86) 15(213) 9(220) 5(267)
OuDoor #4: 11(151) 10(257) 13(273) 18(296) 16(306)
Cost 17805.75
DetCost 17151
Time 43.40
InDoor #1: 19(17) 2(26) 8(60) 16(103) 9(133)
InDoor #2: 5(14) 17(22) 6(192) 1(240) 10(249)
InDoor #3: 12(17) 14(23) 7(42) 15(241) 18(248)
InDoor #4: 3(69) 13(144) 0(154) 4(164) 11(250)
OuDoor #1: 1(98) 3(144) 15(213) 9(220) 8(266) 13(273)
OuDoor #2: 19(63) 10(257) 5(267) 14(339)
OuDoor #3: 12(94) 2(100) 6(267) 18(296) 16(306)
OuDoor #4: 7(86) 11(151) 17(162) 4(265) 0(285)
Cost 17805.75
DetCost 17151
Time 343.04
InDoor #1: 5(14) 3(69) 13(144) 4(164) 10(249)
InDoor #2: 14(14) 12(20) 2(26) 9(133) 0(146) 1(240)
InDoor #3: 17(22) 7(42) 8(60) 18(243)
InDoor #4: 19(17) 16(103) 6(192) 15(241) 11(250)
OuDoor #1: 7(86) 1(98) 11(151) 17(162) 5(267)
OuDoor #2: 3(144) 15(213) 9(220) 10(257) 8(266) 13(273)
OuDoor #3: 19(63) 2(100) 6(267) 18(308)
OuDoor #4: 12(110) 4(265) 0(285) 16(306) 14(339)
Cost 17805.75
DetCost 17151
Time 180.12
InDoor #1: 9(133) 0(146) 4(164) 1(240) 11(250)
InDoor #2: 19(17) 12(26) 14(32) 8(60) 15(241)
InDoor #3: 5(14) 2(25) 7(42) 16(103) 18(243)
InDoor #4: 17(22) 3(69) 13(144) 6(192) 10(249)
OuDoor #1: 11(135) 3(144) 10(257) 4(265) 14(339)
OuDoor #2: 19(63) 2(85) 12(92) 1(98) 8(260) 6(267)
OuDoor #3: 0(268) 13(273) 18(296) 16(306)
OuDoor #4: 7(86) 17(162) 15(213) 9(220) 5(267)
Cost 17805.75
DetCost 17151
Time 59.00
InDoor #1: 12(17) 2(25) 14(33) 3(69) 18(243)
InDoor #2: 5(14) 17(22) 4(164) 15(241) 10(249)
InDoor #3: 7(42) 8(60) 16(103) 0(146) 6(192) 1(240)
InDoor #4: 19(17) 9(133) 13(144) 11(250)
OuDoor #1: 7(86) 1(98) 15(230) 13(273) 0(281)
OuDoor #2: 12(94) 2(100) 9(220) 8(260) 5(267) 18(308)
OuDoor #3: 19(63) 10(257) 6(267) 14(339)
OuDoor #4: 3(144) 11(151) 17(162) 4(265) 16(306)
Cost 17805.75
DetCost 17151
Time 60.01
