InDoor #1: 10(9) 19(19) 28(30) 25(37) 1(60)
InDoor #2: 15(1) 23(8) 14(15) 0(26) 29(35)
InDoor #3: 5(14) 17(22) 20(32) 7(42) 8(60)
InDoor #4: 11(10) 3(16) 2(25) 27(33) 4(44)
InDoor #5: 18(3) 9(13) 12(18) 22(27) 21(34) 16(43)
InDoor #6: 24(4) 6(13) 13(24) 26(35)
OuDoor #1: 22(57) 23(68) 7(81) 13(91) 21(96)
OuDoor #2: 3(51) 12(60) 29(82) 19(91) 18(97)
OuDoor #3: 4(56) 27(72) 17(81) 24(89) 25(97)
OuDoor #4: 16(55) 11(64) 14(81) 26(90) 6(99)
OuDoor #5: 9(55) 20(65) 10(82) 28(91) 5(97) 0(104)
OuDoor #6: 8(79) 2(89) 15(95) 1(105)
Cost 36783.48
DetCost 31001
Time 1778.87
InDoor #1: 15(1) 10(9) 9(19) 22(27) 29(35)
InDoor #2: 18(3) 12(17) 13(24) 26(35) 8(60)
InDoor #3: 6(12) 2(25) 27(33) 4(44) 1(60)
InDoor #4: 3(9) 5(16) 0(26) 21(34) 16(43)
InDoor #5: 23(5) 14(14) 17(22) 28(32) 7(42)
InDoor #6: 24(4) 11(13) 19(19) 20(31) 25(37)
OuDoor #1: 22(57) 2(78) 17(84) 25(92) 21(97)
OuDoor #2: 4(56) 20(63) 27(72) 29(81) 26(90)
OuDoor #3: 9(54) 11(64) 7(81) 19(91) 18(97)
OuDoor #4: 16(56) 10(81) 5(90) 0(97) 1(105)
OuDoor #5: 3(51) 12(60) 28(81) 14(87) 6(96)
OuDoor #6: 23(68) 8(78) 24(88) 13(96) 15(101)
Cost 36575.72
DetCost 32682
Time 1657.00
InDoor #1: 3(9) 12(17) 13(24) 26(35) 1(60)
InDoor #2: 10(9) 17(22) 27(33) 4(44)
InDoor #3: 24(4) 5(14) 14(22) 20(31) 21(36) 16(44) 8(60)
InDoor #4: 6(12) 2(25) 29(35) 7(43)
InDoor #5: 15(1) 11(10) 19(17) 28(30) 25(37)
InDoor #6: 23(5) 18(12) 9(21) 0(26) 22(33)
OuDoor #1: 9(55) 20(65) 2(75) 7(81) 19(91)
OuDoor #2: 4(56) 11(64) 29(82) 5(91) 18(98)
OuDoor #3: 16(56) 27(73) 17(83) 28(91) 15(97)
OuDoor #4: 3(51) 12(60) 10(81) 26(90) 13(99) 6(104)
OuDoor #5: 22(57) 8(79) 24(89) 21(97)
OuDoor #6: 23(68) 14(82) 25(91) 1(96) 0(105)
Cost 36496.85
DetCost 32058
Time 1558.96
InDoor #1: 23(5) 9(13) 14(18) 28(30) 25(37)
InDoor #2: 24(4) 5(14) 2(25) 29(35) 16(43)
InDoor #3: 15(1) 3(9) 19(17) 22(27) 20(34) 7(42)
InDoor #4: 11(10) 17(22) 27(33) 4(44) 8(60)
InDoor #5: 10(9) 12(19) 0(26) 21(34) 1(60)
InDoor #6: 18(3) 6(12) 13(24) 26(35)
OuDoor #1: 22(57) 23(67) 8(77) 14(87) 21(96)
OuDoor #2: 3(51) 12(60) 27(72) 10(81) 26(90)
OuDoor #3: 4(56) 28(78) 17(84) 13(92) 18(97)
OuDoor #4: 16(55) 11(64) 29(81) 2(90) 5(96) 6(103)
OuDoor #5: 9(55) 20(65) 7(81) 19(91) 1(97)
OuDoor #6: 24(80) 25(88) 0(93) 15(101)
Cost 36835.58
DetCost 31305
Time 1788.03
InDoor #1: 23(5) 10(12) 9(22) 20(31) 26(36)
InDoor #2: 3(9) 12(17) 13(24) 27(34) 16(43) 8(60)
InDoor #3: 6(12) 2(25) 21(34) 4(44)
InDoor #4: 5(14) 17(22) 29(35) 7(43) 1(60)
InDoor #5: 18(3) 11(12) 19(18) 28(30) 25(37)
InDoor #6: 15(1) 24(8) 14(17) 0(26) 22(33)
OuDoor #1: 16(56) 27(73) 17(83) 28(91) 5(97)
OuDoor #2: 9(55) 20(65) 29(80) 15(89) 18(99)
OuDoor #3: 4(56) 11(64) 10(79) 26(88) 21(97)
OuDoor #4: 3(51) 12(60) 7(81) 19(91) 0(97)
OuDoor #5: 22(57) 23(67) 8(77) 14(87) 1(96)
OuDoor #6: 2(82) 24(88) 13(96) 25(101) 6(106)
Cost 36701.48
DetCost 32298
Time 1743.44
InDoor #1: 11(10) 14(16) 13(24) 26(35) 1(60)
InDoor #2: 18(3) 5(14) 17(22) 21(34) 4(44)
InDoor #3: 10(9) 2(25) 27(33) 16(43) 8(60)
InDoor #4: 15(1) 9(13) 12(18) 0(26) 20(33) 7(42)
InDoor #5: 23(5) 3(12) 19(19) 28(30) 25(37)
InDoor #6: 24(4) 6(13) 22(27) 29(35)
OuDoor #1: 20(65) 7(81) 13(91) 1(96) 5(105)
OuDoor #2: 9(54) 11(64) 2(76) 17(82) 26(90)
OuDoor #3: 16(56) 27(73) 29(82) 19(92) 25(98) 0(103)
OuDoor #4: 4(56) 23(68) 10(82) 21(91)
OuDoor #5: 3(51) 12(60) 24(83) 28(91) 18(97)
OuDoor #6: 22(57) 8(77) 14(87) 15(96) 6(106)
Cost 37274.62
DetCost 31018
Time 1257.23
InDoor #1: 15(1) 3(9) 12(17) 13(24) 26(35)
InDoor #2: 6(12) 2(25) 27(33) 4(44) 1(60)
InDoor #3: 10(9) 19(19) 20(31) 21(36) 16(44) 8(60)
InDoor #4: 11(10) 17(22) 29(35) 7(43)
InDoor #5: 24(4) 5(14) 14(22) 28(30) 25(37)
InDoor #6: 18(3) 23(12) 9(19) 0(26) 22(33)
OuDoor #1: 4(56) 2(81) 14(87) 1(96) 13(105)
OuDoor #2: 9(54) 11(64) 7(80) 21(90) 18(99)
OuDoor #3: 16(56) 20(65) 29(81) 26(90) 15(99)
OuDoor #4: 3(51) 12(60) 27(73) 17(84) 19(92)
OuDoor #5: 22(57) 23(68) 10(82) 28(91) 0(97)
OuDoor #6: 8(76) 24(86) 5(94) 25(101) 6(106)
Cost 36350.62
DetCost 32071
Time 1520.10
InDoor #1: 15(1) 11(10) 12(17) 2(25) 29(35)
InDoor #2: 3(9) 19(17) 22(27) 26(35) 8(60)
InDoor #3: 10(9) 17(22) 27(33) 4(44) 1(60)
InDoor #4: 18(3) 14(14) 0(26) 21(34) 16(43)
InDoor #5: 24(4) 5(14) 13(24) 20(34) 7(42)
InDoor #6: 23(5) 6(12) 9(22) 28(30) 25(37)
OuDoor #1: 22(57) 27(73) 29(82) 5(91) 15(98)
OuDoor #2: 4(56) 20(65) 10(75) 17(84) 19(92)
OuDoor #3: 9(54) 11(64) 7(80) 26(90) 18(99)
OuDoor #4: 16(56) 2(81) 14(87) 25(96) 0(101)
OuDoor #5: 3(51) 12(60) 24(84) 13(92) 21(97)
OuDoor #6: 23(68) 8(81) 28(91) 1(97) 6(106)
Cost 36759.94
DetCost 32697
Time 779.58
InDoor #1: 18(3) 9(13) 17(22) 21(34) 4(44)
InDoor #2: 24(4) 6(13) 2(25) 27(33) 16(43)
InDoor #3: 23(5) 14(14) 12(20) 20(31) 26(36) 1(60)
InDoor #4: 10(9) 13(24) 29(35) 7(43)
InDoor #5: 15(1) 3(9) 19(17) 28(30) 25(37) 8(60)
InDoor #6: 11(10) 5(16) 0(26) 22(33)
OuDoor #1: 4(56) 11(64) 28(81) 14(87) 5(96)
OuDoor #2: 9(55) 20(65) 8(79) 24(89) 25(97)
OuDoor #3: 16(56) 23(68) 7(81) 19(91) 18(97)
OuDoor #4: 3(51) 12(60) 10(79) 26(88) 21(97) 6(106)
OuDoor #5: 22(57) 27(72) 29(81) 2(90) 15(96)
OuDoor #6: 17(84) 13(92) 0(97) 1(105)
Cost 36704.61
DetCost 31272
Time 1492.26
InDoor #1: 15(1) 10(9) 12(19) 20(31) 26(36)
InDoor #2: 14(14) 17(22) 27(33) 16(43) 1(60)
InDoor #3: 18(3) 5(14) 2(25) 21(34) 4(44)
InDoor #4: 23(5) 6(12) 13(24) 29(35) 7(43) 8(60)
InDoor #5: 3(9) 19(17) 28(30) 25(37)
InDoor #6: 24(4) 9(13) 11(18) 0(26) 22(33)
OuDoor #1: 16(56) 8(80) 28(90) 21(96) 1(105)
OuDoor #2: 9(55) 20(65) 2(75) 7(81) 19(91)
OuDoor #3: 4(56) 11(64) 17(84) 0(92) 15(100)
OuDoor #4: 3(51) 12(60) 29(81) 26(90) 6(99)
OuDoor #5: 22(57) 27(73) 10(82) 25(91) 18(96)
OuDoor #6: 23(68) 14(80) 24(89) 5(97) 13(104)
Cost 36368.71
DetCost 32300
Time 1305.37
