InDoor #1: 17(22) 28(32) 14(39) 39(111) 35(274) 31(297)
InDoor #2: 7(42) 9(133) 13(144) 30(219)
InDoor #3: 23(5) 24(124) 0(146) 11(250) 26(275)
InDoor #4: 33(4) 8(60) 22(147) 29(155) 25(277)
InDoor #5: 19(17) 2(26) 34(38) 38(93) 27(153)
InDoor #6: 37(67) 21(94) 20(151) 6(192) 36(204) 15(241)
InDoor #7: 5(14) 3(69) 32(88) 16(103) 4(164) 18(243)
InDoor #8: 12(17) 1(240) 10(249)
OuDoor #1: 21(187) 25(194) 27(274) 13(286) 16(318)
OuDoor #2: 3(148) 28(157) 9(236) 4(272) 18(323)
OuDoor #3: 29(66) 23(74) 39(158) 37(235) 5(269) 0(295)
OuDoor #4: 19(77) 36(86) 11(163) 15(237)
OuDoor #5: 7(85) 1(111) 17(167) 31(254) 8(277)
OuDoor #6: 20(90) 2(108) 12(118) 32(226) 34(253) 14(338)
OuDoor #7: 33(86) 35(101) 26(121) 24(188) 30(277)
OuDoor #8: 22(191) 10(256) 38(274) 6(283)
Cost 362918.37
DetCost 359199
Time 1582.93
InDoor #1: 5(14) 12(22) 38(93) 39(111) 1(240) 31(297)
InDoor #2: 16(103) 20(151) 4(164) 36(204) 18(243)
InDoor #3: 8(60) 21(94) 9(133) 22(147)
InDoor #4: 24(124) 27(153) 30(219) 15(241) 10(249)
InDoor #5: 34(38) 7(45) 32(88) 13(144) 29(155)
InDoor #6: 17(22) 37(67) 0(146) 6(192) 26(275)
InDoor #7: 33(4) 19(17) 23(26) 14(33) 11(250) 25(277)
InDoor #8: 2(25) 28(33) 3(69) 35(274)
OuDoor #1: 24(190) 22(196) 10(256) 16(318) 14(338)
OuDoor #2: 1(111) 26(121) 32(226) 8(283) 18(323)
OuDoor #3: 23(74) 12(118) 3(148) 11(163) 31(254)
OuDoor #4: 19(77) 36(86) 28(157) 17(167) 9(236) 30(274)
OuDoor #5: 35(101) 39(158) 34(253) 38(277)
OuDoor #6: 20(90) 2(108) 4(272) 6(283) 0(295)
OuDoor #7: 29(66) 7(85) 37(235) 5(269) 13(286)
OuDoor #8: 33(86) 25(188) 21(197) 15(247) 27(274)
Cost 363446.77
DetCost 359226
Time 1507.46
InDoor #1: 32(88) 9(133) 0(146) 6(192) 25(277) 31(297)
InDoor #2: 19(17) 12(26) 38(93) 24(124) 26(275)
InDoor #3: 8(60) 21(94) 13(144) 11(250)
InDoor #4: 3(69) 16(103) 39(111) 22(147) 29(155) 18(243)
InDoor #5: 27(153) 15(241) 10(249) 35(274)
InDoor #6: 28(30) 34(38) 7(45) 37(67) 20(151) 4(164)
InDoor #7: 33(4) 14(14) 36(204) 1(240)
InDoor #8: 23(5) 5(14) 17(22) 2(32) 30(219)
OuDoor #1: 35(101) 3(148) 25(188) 4(272) 16(318)
OuDoor #2: 1(111) 39(158) 27(270) 0(295) 18(323)
OuDoor #3: 19(77) 36(86) 2(108) 28(157) 5(269)
OuDoor #4: 23(74) 33(86) 26(121) 11(163) 13(286)
OuDoor #5: 7(85) 12(118) 17(167) 10(256) 38(274) 8(283)
OuDoor #6: 20(90) 24(188) 22(194) 37(235) 34(253)
OuDoor #7: 32(226) 15(236) 31(254) 6(283)
OuDoor #8: 29(66) 21(185) 9(236) 30(283) 14(342)
Cost 363661.81
DetCost 359205
Time 1659.20
InDoor #1: 14(14) 12(20) 7(42) 32(88) 36(204)
InDoor #2: 28(30) 34(38) 8(60) 13(144) 10(249)
InDoor #3: 2(25) 17(33) 38(93) 0(146) 11(250)
InDoor #4: 3(69) 21(94) 24(124) 22(147) 29(155) 1(240)
InDoor #5: 39(111) 9(133) 27(153) 15(241)
InDoor #6: 37(67) 16(103) 20(151) 4(164) 30(219) 35(274)
InDoor #7: 23(5) 5(14) 33(22) 19(30) 26(275)
InDoor #8: 6(192) 18(243) 25(277) 31(297)
OuDoor #1: 36(86) 35(101) 2(108) 32(226) 15(240)
OuDoor #2: 29(61) 23(74) 6(274) 30(283) 14(339)
OuDoor #3: 19(78) 1(111) 39(158) 5(269) 38(282)
OuDoor #4: 33(86) 11(163) 37(235) 31(254) 4(272)
OuDoor #5: 7(85) 12(118) 3(148) 28(157) 17(167)
OuDoor #6: 20(90) 26(121) 25(181) 24(190) 9(236) 34(253)
OuDoor #7: 21(185) 27(274) 8(283) 0(295) 18(323)
OuDoor #8: 22(194) 10(256) 13(286) 16(318)
Cost 363152.86
DetCost 359200
Time 1740.27
InDoor #1: 17(22) 23(32) 21(94) 36(204) 35(274)
InDoor #2: 33(4) 32(88) 38(94) 20(151) 11(250)
InDoor #3: 16(103) 39(111) 27(153) 18(243) 26(275)
InDoor #4: 8(60) 22(147) 29(155) 15(241) 25(277)
InDoor #5: 19(17) 28(30) 14(37) 7(43) 0(146) 1(240)
InDoor #6: 9(133) 13(144) 10(249) 31(297)
InDoor #7: 5(14) 34(38) 37(67) 24(124) 4(164)
InDoor #8: 12(17) 2(25) 3(69) 6(192) 30(219)
OuDoor #1: 2(108) 12(118) 32(226) 4(272) 13(286)
OuDoor #2: 35(101) 1(111) 15(241) 34(253) 5(269)
OuDoor #3: 23(74) 26(121) 17(167) 27(270) 0(295)
OuDoor #4: 19(77) 36(86) 11(163) 10(256) 8(275) 6(283)
OuDoor #5: 28(157) 25(183) 37(235) 31(254)
OuDoor #6: 7(85) 3(148) 39(158) 38(274) 30(283) 16(318)
OuDoor #7: 20(90) 21(183) 24(190) 18(323)
OuDoor #8: 29(66) 33(86) 22(191) 9(236) 14(338)
Cost 363250.04
DetCost 359192
Time 1462.98
InDoor #1: 39(111) 9(133) 13(144) 4(164) 6(192)
InDoor #2: 33(4) 3(69) 22(147) 29(155) 36(204)
InDoor #3: 23(5) 17(22) 16(103) 24(124) 0(146) 27(153)
InDoor #4: 37(67) 20(151) 1(240) 10(249) 35(274)
InDoor #5: 8(60) 32(88) 21(94) 18(243)
InDoor #6: 14(14) 28(30) 38(93) 30(219) 25(277)
InDoor #7: 19(17) 7(42) 15(241) 11(250) 26(275) 31(297)
InDoor #8: 5(14) 12(22) 2(28) 34(38)
OuDoor #1: 3(148) 39(158) 25(181) 24(190) 14(339)
OuDoor #2: 33(86) 11(163) 22(191) 32(226) 37(235)
OuDoor #3: 7(85) 26(121) 28(157) 17(167) 13(286)
OuDoor #4: 19(78) 20(90) 10(256) 27(274) 38(282)
OuDoor #5: 36(86) 35(101) 2(108) 12(118) 8(275) 6(283)
OuDoor #6: 1(111) 9(236) 31(254) 18(323)
OuDoor #7: 21(187) 5(269) 30(283) 0(295) 16(318)
OuDoor #8: 29(61) 23(69) 15(247) 34(253) 4(272)
Cost 363571.89
DetCost 359202
Time 1693.32
InDoor #1: 12(17) 20(151) 6(192) 35(274) 31(297)
InDoor #2: 22(147) 29(155) 30(219) 1(240) 10(249) 26(275)
InDoor #3: 37(67) 0(146) 27(153) 15(241) 25(277)
InDoor #4: 8(60) 32(88) 16(103) 13(144) 18(243)
InDoor #5: 14(14) 17(22) 34(38) 3(69) 21(94) 9(133)
InDoor #6: 23(5) 2(25) 38(93) 24(124)
InDoor #7: 28(30) 4(164) 36(204) 11(250)
InDoor #8: 33(4) 19(17) 5(26) 7(42) 39(111)
OuDoor #1: 25(187) 34(253) 38(277) 13(286) 16(318)
OuDoor #2: 11(163) 9(236) 31(254) 0(295) 18(323)
OuDoor #3: 36(83) 20(90) 28(157) 17(167) 10(256) 30(277)
OuDoor #4: 7(85) 35(101) 26(121) 39(158)
OuDoor #5: 19(77) 33(86) 2(108) 12(118) 3(148) 6(283)
OuDoor #6: 29(63) 23(69) 1(111) 24(190) 5(269)
OuDoor #7: 32(226) 37(235) 4(272) 8(281) 14(339)
OuDoor #8: 22(191) 21(198) 15(241) 27(273)
Cost 363398.09
DetCost 359205
Time 1289.74
InDoor #1: 23(5) 2(25) 22(147) 1(240) 10(249)
InDoor #2: 32(88) 24(124) 0(146) 27(153) 18(243)
InDoor #3: 38(93) 9(133) 13(144) 36(204) 15(241)
InDoor #4: 34(38) 8(60) 21(94) 20(151) 6(192)
InDoor #5: 19(17) 5(26) 7(42) 29(155) 11(250)
InDoor #6: 33(4) 28(30) 3(69) 16(103) 30(219) 35(274)
InDoor #7: 39(111) 4(164) 25(277) 31(297)
InDoor #8: 14(14) 17(22) 12(32) 37(67) 26(275)
OuDoor #1: 11(163) 10(256) 38(274) 30(283) 14(339)
OuDoor #2: 35(101) 28(157) 17(167) 34(253) 6(277)
OuDoor #3: 1(111) 3(148) 39(158) 32(226) 31(254)
OuDoor #4: 23(65) 19(77) 36(86) 2(108) 15(237) 4(272)
OuDoor #5: 12(118) 37(235) 5(269) 8(279)
OuDoor #6: 29(66) 33(86) 26(121) 22(191) 9(236) 18(323)
OuDoor #7: 7(85) 21(181) 24(188) 13(286) 16(318)
OuDoor #8: 20(90) 25(194) 27(274) 0(295)
Cost 363033.62
DetCost 359400
Time 1640.06
InDoor #1: 12(17) 28(30) 34(38) 16(103) 36(204) 18(243)
InDoor #2: 14(14) 38(93) 9(133) 10(249)
InDoor #3: 37(67) 21(94) 24(124) 0(146) 15(241)
InDoor #4: 7(42) 8(60) 39(111) 11(250)
InDoor #5: 3(69) 32(88) 13(144) 4(164) 1(240)
InDoor #6: 33(4) 23(12) 22(147) 29(155) 30(219) 25(277)
InDoor #7: 17(22) 19(32) 27(153) 26(275) 31(297)
InDoor #8: 5(14) 2(25) 20(151) 6(192) 35(274)
OuDoor #1: 26(121) 32(226) 10(256) 27(274) 14(339)
OuDoor #2: 29(63) 1(111) 3(148) 6(274) 8(283)
OuDoor #3: 36(83) 20(90) 2(108) 12(118) 28(157) 30(277)
OuDoor #4: 7(85) 39(158) 34(253) 5(269)
OuDoor #5: 19(77) 33(86) 35(101) 31(254) 4(272)
OuDoor #6: 23(74) 11(163) 24(190) 9(236) 38(284)
OuDoor #7: 17(167) 25(182) 21(191) 22(198) 0(295) 16(318)
OuDoor #8: 37(235) 15(247) 13(286) 18(323)
Cost 363914.26
DetCost 359212
Time 910.46
InDoor #1: 2(25) 8(60) 39(111) 0(146) 6(192)
InDoor #2: 23(5) 33(12) 17(22) 24(124) 30(219)
InDoor #3: 12(17) 34(38) 37(67) 9(133) 13(144) 11(250)
InDoor #4: 28(30) 32(88) 27(153) 25(277)
InDoor #5: 7(42) 22(147) 29(155) 15(241) 26(275) 31(297)
InDoor #6: 3(69) 16(103) 20(151) 4(164) 1(240)
InDoor #7: 19(17) 5(26) 38(93) 18(243)
InDoor #8: 14(14) 21(94) 36(204) 10(249) 35(274)
OuDoor #1: 19(77) 36(86) 28(157) 37(235) 27(274)
OuDoor #2: 7(85) 39(158) 9(236) 15(247) 4(272)
OuDoor #3: 20(90) 3(148) 31(254) 5(269) 14(338)
OuDoor #4: 35(101) 2(107) 17(167) 22(194) 6(283)
OuDoor #5: 29(66) 11(163) 8(275) 30(283) 0(295) 16(318)
OuDoor #6: 33(86) 26(121) 24(188) 10(256)
OuDoor #7: 23(72) 1(111) 34(253) 38(277) 13(286) 18(324)
OuDoor #8: 12(118) 21(184) 25(191) 32(226)
Cost 364131.50
DetCost 359212
Time 1762.33
