InDoor #1: 0(46) 5(114) 1(140)
InDoor #2: 2(125) 7(142) 8(160) 3(169)
InDoor #3: 9(33) 4(64) 6(92)
OuDoor #1: 5(126) 0(162) 7(237)
OuDoor #2: 6(127) 9(141) 2(162) 8(184)
OuDoor #3: 1(112) 4(208) 3(214)
Cost 17588.01
DetCost 17422
Time 16.53
InDoor #1: 0(46) 4(64) 5(114)
InDoor #2: 9(33) 1(140) 8(160) 3(169)
InDoor #3: 6(92) 2(125) 7(142)
OuDoor #1: 5(126) 4(208) 3(214)
OuDoor #2: 6(127) 0(162) 8(184)
OuDoor #3: 1(112) 9(141) 2(162) 7(237)
Cost 17588.01
DetCost 17422
Time 20.61
InDoor #1: 9(33) 4(64) 5(114)
InDoor #2: 0(46) 2(125) 7(142)
InDoor #3: 6(92) 1(140) 8(160) 3(169)
OuDoor #1: 5(126) 4(208) 7(237)
OuDoor #2: 6(127) 9(141) 2(162)
OuDoor #3: 1(112) 0(162) 8(184) 3(218)
Cost 17588.01
DetCost 17422
Time 71.81
InDoor #1: 5(114) 1(140) 8(160) 3(169)
InDoor #2: 9(33) 0(46) 4(64)
InDoor #3: 6(92) 2(125) 7(142)
OuDoor #1: 5(126) 0(162) 8(184)
OuDoor #2: 6(127) 2(162) 7(237)
OuDoor #3: 1(112) 9(141) 4(208) 3(214)
Cost 17588.01
DetCost 17422
Time 16.62
InDoor #1: 9(33) 0(46) 5(114) 2(125)
InDoor #2: 4(64) 1(140) 8(160) 3(169)
InDoor #3: 6(92) 7(142)
OuDoor #1: 5(126) 9(141) 2(162)
OuDoor #2: 6(127) 0(162) 8(184) 3(218)
OuDoor #3: 1(112) 4(208) 7(237)
Cost 17588.01
DetCost 17422
Time 22.73
InDoor #1: 9(33) 4(64) 5(114) 2(125)
InDoor #2: 1(140) 8(160) 3(169)
InDoor #3: 0(46) 6(92) 7(142)
OuDoor #1: 5(126) 9(141) 4(208)
OuDoor #2: 6(127) 0(162) 8(184)
OuDoor #3: 1(112) 2(162) 3(218) 7(237)
Cost 17588.01
DetCost 17422
Time 8.42
InDoor #1: 4(64) 5(114) 7(142)
InDoor #2: 9(33) 0(46) 2(125)
InDoor #3: 6(92) 1(140) 8(160) 3(169)
OuDoor #1: 5(126) 3(218) 7(237)
OuDoor #2: 6(127) 9(141) 2(162)
OuDoor #3: 1(112) 0(162) 8(184) 4(208)
Cost 17588.01
DetCost 17422
Time 25.82
InDoor #1: 6(92) 2(125) 7(142)
InDoor #2: 9(33) 0(46) 4(64) 1(140)
InDoor #3: 5(114) 8(160) 3(169)
OuDoor #1: 1(112) 9(141) 4(208)
OuDoor #2: 6(127) 0(162) 3(218) 7(237)
OuDoor #3: 5(126) 2(162) 8(184)
Cost 17588.01
DetCost 17422
Time 10.59
InDoor #1: 0(46) 4(64) 5(114)
InDoor #2: 9(33) 2(125) 7(142)
InDoor #3: 6(92) 1(140) 8(160) 3(169)
OuDoor #1: 5(126) 4(208) 7(237)
OuDoor #2: 6(127) 9(141) 2(162)
OuDoor #3: 1(112) 0(162) 8(184) 3(218)
Cost 17588.01
DetCost 17422
Time 17.38
InDoor #1: 4(64) 5(114) 1(140)
InDoor #2: 9(33) 0(46) 2(125)
InDoor #3: 6(92) 7(142) 8(160) 3(169)
OuDoor #1: 5(126) 0(162) 7(237)
OuDoor #2: 6(127) 9(141) 2(162)
OuDoor #3: 1(112) 8(184) 4(208) 3(214)
Cost 17588.01
DetCost 17422
Time 30.59
