InDoor #1: 17(22) 38(93) 29(155) 4(164) 10(249)
InDoor #2: 14(14) 12(20) 32(88) 16(103) 24(124) 36(204)
InDoor #3: 30(219) 1(240) 11(250) 35(274)
InDoor #4: 23(5) 19(17) 28(30) 22(147) 6(192)
InDoor #5: 7(42) 37(67) 13(144) 20(154) 18(243)
InDoor #6: 2(25) 34(38) 8(60) 9(133) 0(146)
InDoor #7: 5(14) 27(153) 15(241) 26(275) 31(297)
InDoor #8: 33(4) 3(69) 21(94) 39(111) 25(277)
OuDoor #1: 35(101) 1(111) 11(124) 3(133) 10(246)
OuDoor #2: 22(191) 21(198) 15(245) 13(269) 38(279)
OuDoor #3: 9(209) 32(215) 34(225) 37(235) 4(271)
OuDoor #4: 28(157) 25(177) 24(187) 30(274) 6(283)
OuDoor #5: 7(59) 19(67) 33(86) 2(98) 31(240)
OuDoor #6: 29(56) 23(62) 20(84) 39(150) 5(269) 8(279)
OuDoor #7: 17(167) 0(265) 27(274) 16(317)
OuDoor #8: 36(86) 12(104) 26(114) 18(315) 14(338)
Cost 118922.65
DetCost 118425
Time 1014.90
InDoor #1: 14(14) 2(25) 37(67) 32(88) 30(219)
InDoor #2: 33(4) 5(14) 38(93) 22(147) 0(154) 1(240)
InDoor #3: 17(22) 12(32) 34(38) 7(45) 4(164)
InDoor #4: 23(5) 27(153) 36(204) 18(243)
InDoor #5: 8(60) 21(94) 9(133) 13(144) 29(155) 15(241)
InDoor #6: 6(192) 11(250) 35(274) 25(281)
InDoor #7: 28(30) 3(69) 16(103) 39(111) 24(124) 20(151)
InDoor #8: 19(17) 10(249) 26(275) 31(297)
OuDoor #1: 19(64) 33(86) 37(235) 15(244) 27(274)
OuDoor #2: 12(91) 35(101) 2(108) 28(157) 18(320)
OuDoor #3: 29(58) 1(111) 32(213) 9(222) 5(269)
OuDoor #4: 23(62) 7(71) 17(167) 25(180) 21(191) 0(281)
OuDoor #5: 20(84) 24(178) 34(240) 8(270) 30(278)
OuDoor #6: 22(197) 10(246) 4(271) 38(280)
OuDoor #7: 36(86) 3(133) 39(153) 11(163) 31(240)
OuDoor #8: 26(120) 13(268) 6(278) 16(317) 14(338)
Cost 118623.58
DetCost 118441
Time 1691.64
InDoor #1: 33(4) 12(17) 37(67) 22(147) 4(164)
InDoor #2: 7(42) 32(88) 21(94) 24(124) 31(297)
InDoor #3: 23(5) 14(14) 34(38) 13(144) 10(249)
InDoor #4: 28(30) 9(133) 18(243) 25(277) 26(286)
InDoor #5: 3(69) 0(146) 29(155) 1(240) 11(250)
InDoor #6: 17(22) 19(32) 27(153) 36(204) 15(241)
InDoor #7: 2(25) 8(60) 38(93) 16(103) 39(111) 6(192)
InDoor #8: 5(14) 20(151) 30(219) 35(274)
OuDoor #1: 7(73) 33(86) 11(148) 28(157) 22(188)
OuDoor #2: 35(101) 26(114) 27(269) 16(317) 14(338)
OuDoor #3: 21(194) 8(272) 38(280) 0(289) 18(315)
OuDoor #4: 24(181) 31(228) 34(236) 10(246) 5(267)
OuDoor #5: 23(55) 19(64) 36(86) 25(180) 4(271)
OuDoor #6: 12(88) 2(98) 17(167) 13(271) 6(283)
OuDoor #7: 29(60) 1(111) 39(156) 15(245) 30(277)
OuDoor #8: 20(87) 3(133) 9(209) 32(215) 37(235)
Cost 118917.67
DetCost 118421
Time 1627.57
InDoor #1: 34(38) 37(67) 0(146) 18(243) 11(252)
InDoor #2: 33(4) 23(12) 5(19) 8(60) 21(94)
InDoor #3: 2(25) 32(88) 30(219) 1(240) 10(249)
InDoor #4: 28(30) 7(42) 16(103) 24(124) 29(155)
InDoor #5: 14(14) 19(20) 12(29) 39(111) 9(133) 26(275)
InDoor #6: 3(69) 13(144) 36(204) 35(274)
InDoor #7: 38(93) 27(153) 6(192) 15(241) 25(277)
InDoor #8: 17(22) 20(151) 22(156) 4(164) 31(297)
OuDoor #1: 33(86) 9(209) 32(215) 34(240) 4(272) 6(281)
OuDoor #2: 20(84) 26(114) 5(269) 8(279)
OuDoor #3: 35(101) 28(154) 31(227) 37(235) 27(268)
OuDoor #4: 24(178) 15(245) 0(262) 13(271) 30(282) 18(318)
OuDoor #5: 29(58) 10(246) 38(284) 14(338)
OuDoor #6: 23(55) 19(66) 7(75) 36(86) 12(106)
OuDoor #7: 2(98) 1(111) 11(145) 39(154) 17(167) 22(191)
OuDoor #8: 3(133) 25(180) 21(189) 16(317)
Cost 118989.23
DetCost 118421
Time 1696.02
InDoor #1: 27(153) 15(241) 10(249) 25(277) 31(297)
InDoor #2: 33(4) 12(17) 28(30) 16(103) 39(111) 22(147)
InDoor #3: 8(60) 32(88) 24(124) 6(192)
InDoor #4: 17(22) 13(144) 29(155) 36(204) 18(243)
InDoor #5: 21(94) 9(133) 20(151) 30(219) 11(250)
InDoor #6: 23(5) 7(42) 38(93) 0(146) 4(164) 1(240)
InDoor #7: 19(17) 14(26) 2(32) 34(40) 3(69)
InDoor #8: 5(14) 37(67) 35(274) 26(281)
OuDoor #1: 23(62) 17(167) 13(268) 8(278) 16(317)
OuDoor #2: 20(87) 3(133) 11(148) 28(157) 38(280)
OuDoor #3: 25(177) 24(186) 9(209) 32(215) 6(280)
OuDoor #4: 35(101) 34(220) 10(236) 15(245) 5(267)
OuDoor #5: 26(114) 31(227) 37(235) 4(271) 14(338)
OuDoor #6: 29(57) 12(99) 1(111) 39(152) 22(188)
OuDoor #7: 7(73) 36(86) 21(191) 0(268) 30(277)
OuDoor #8: 19(64) 33(86) 2(98) 27(274) 18(321)
Cost 118925.02
DetCost 118421
Time 1770.64
InDoor #1: 2(25) 38(93) 22(147) 4(164) 10(249) 25(277)
InDoor #2: 5(14) 28(30) 14(37) 37(67) 29(155)
InDoor #3: 9(133) 6(192) 11(250) 31(297)
InDoor #4: 23(5) 21(94) 13(144) 20(154) 18(243)
InDoor #5: 33(4) 17(22) 34(38) 32(88) 1(240)
InDoor #6: 12(17) 7(42) 27(153) 30(219) 15(241)
InDoor #7: 19(17) 8(60) 16(103) 39(111) 0(146) 36(204)
InDoor #8: 3(69) 24(124) 35(274) 26(281)
OuDoor #1: 1(111) 28(157) 10(247) 13(268) 38(278)
OuDoor #2: 7(73) 33(86) 21(191) 22(198) 18(315)
OuDoor #3: 11(141) 39(150) 25(177) 24(186) 4(271) 16(317)
OuDoor #4: 2(98) 8(270) 6(283) 14(338)
OuDoor #5: 35(101) 12(107) 26(117) 5(269) 30(279)
OuDoor #6: 17(167) 32(207) 9(221) 31(227) 37(235)
OuDoor #7: 29(56) 23(62) 20(84) 34(229) 15(245)
OuDoor #8: 19(64) 36(86) 3(133) 0(265) 27(274)
Cost 118920.24
DetCost 118421
Time 1673.55
InDoor #1: 33(4) 32(88) 39(111) 0(146) 15(241) 26(275)
InDoor #2: 12(17) 7(42) 2(47) 3(69) 27(153)
InDoor #3: 6(192) 1(240) 10(249) 35(274)
InDoor #4: 23(5) 14(14) 19(20) 34(38) 28(45) 21(94)
InDoor #5: 17(22) 37(67) 22(147) 29(155) 11(250)
InDoor #6: 38(93) 13(144) 36(204) 18(243)
InDoor #7: 8(60) 9(133) 4(164) 25(277) 31(297)
InDoor #8: 5(14) 16(103) 24(124) 20(151) 30(219)
OuDoor #1: 2(92) 35(101) 26(120) 3(133) 27(270) 14(338)
OuDoor #2: 29(56) 23(62) 36(86) 17(167) 38(280)
OuDoor #3: 19(64) 7(73) 39(158) 24(184) 6(277)
OuDoor #4: 9(222) 13(269) 8(279) 18(317)
OuDoor #5: 33(86) 12(106) 10(246) 0(255) 4(271)
OuDoor #6: 1(111) 32(215) 34(225) 37(235) 5(267)
OuDoor #7: 20(84) 25(176) 22(188) 21(195) 16(317)
OuDoor #8: 28(152) 11(163) 31(228) 15(242) 30(280)
Cost 118710.14
DetCost 118428
Time 1760.03
InDoor #1: 28(30) 37(67) 27(153) 30(219) 15(241)
InDoor #2: 5(14) 22(147) 0(154) 36(204) 25(277)
InDoor #3: 12(17) 34(38) 8(60) 4(164) 6(192)
InDoor #4: 2(25) 16(103) 39(111) 13(144) 1(240)
InDoor #5: 17(22) 21(94) 9(133) 24(138) 10(249)
InDoor #6: 7(42) 38(93) 18(243) 26(275) 35(285)
InDoor #7: 19(17) 32(88) 20(151) 11(250) 31(297)
InDoor #8: 23(5) 33(12) 14(20) 3(69) 29(155)
OuDoor #1: 33(86) 26(121) 17(167) 32(215) 15(242)
OuDoor #2: 28(157) 34(225) 37(235) 10(246) 8(279)
OuDoor #3: 7(73) 2(98) 3(133) 25(182) 21(191) 18(318)
OuDoor #4: 31(240) 0(260) 27(269) 30(280)
OuDoor #5: 19(61) 23(70) 20(90) 13(268) 6(278)
OuDoor #6: 12(99) 1(111) 11(143) 39(152) 22(197) 5(267)
OuDoor #7: 9(222) 4(271) 16(317) 14(338)
OuDoor #8: 29(59) 36(86) 35(101) 24(184) 38(283)
Cost 118956.16
DetCost 118445
Time 1795.33
InDoor #1: 32(88) 27(153) 15(241) 10(249) 35(274) 31(297)
InDoor #2: 3(69) 18(243) 26(275) 25(285)
InDoor #3: 19(17) 38(93) 16(103) 39(111) 20(151)
InDoor #4: 34(38) 21(94) 13(144) 29(155) 11(250)
InDoor #5: 17(22) 14(32) 7(42) 28(47) 1(240)
InDoor #6: 8(60) 22(147) 0(154) 4(164) 6(192)
InDoor #7: 33(4) 12(17) 23(23) 36(204) 30(219)
InDoor #8: 5(14) 2(25) 37(67) 9(133) 24(138)
OuDoor #1: 35(101) 17(167) 5(269) 6(280) 16(317)
OuDoor #2: 36(86) 2(98) 8(269) 38(277) 13(286)
OuDoor #3: 1(111) 25(177) 24(186) 0(265) 30(274)
OuDoor #4: 12(104) 26(114) 11(124) 3(133) 4(271)
OuDoor #5: 23(46) 29(55) 19(61) 9(209) 32(215)
OuDoor #6: 28(157) 21(188) 31(221) 34(229) 15(245)
OuDoor #7: 20(87) 22(191) 37(235) 10(246) 18(320)
OuDoor #8: 7(73) 33(86) 39(150) 27(274) 14(338)
Cost 118949.71
DetCost 118418
Time 1491.32
InDoor #1: 32(88) 9(133) 22(147) 29(155) 6(192)
InDoor #2: 21(94) 39(111) 36(204) 15(241) 11(250)
InDoor #3: 34(38) 37(67) 24(124) 13(144) 4(164) 10(249)
InDoor #4: 7(42) 38(93) 16(103) 25(277)
InDoor #5: 33(4) 28(30) 2(37) 27(153) 31(297)
InDoor #6: 12(17) 3(69) 20(151) 30(219) 1(240)
InDoor #7: 19(17) 8(60) 0(146) 18(243) 35(274)
InDoor #8: 5(14) 14(22) 23(28) 17(35) 26(275)
OuDoor #1: 35(101) 3(133) 11(140) 28(149) 39(157) 27(270)
OuDoor #2: 19(64) 2(98) 26(114) 24(181) 30(271)
OuDoor #3: 33(86) 21(188) 4(272) 8(281)
OuDoor #4: 29(55) 12(99) 1(111) 25(178) 22(191) 6(277)
OuDoor #5: 17(167) 38(280) 16(317) 14(338)
OuDoor #6: 7(73) 36(86) 37(235) 10(246) 5(269)
OuDoor #7: 20(84) 34(226) 31(236) 15(245) 0(281)
OuDoor #8: 23(62) 32(213) 9(222) 13(273) 18(317)
Cost 119007.04
DetCost 118399
Time 1254.65
