InDoor #1: 36(4) 12(17) 43(24) 13(44) 29(55) 35(74) 46(99)
InDoor #2: 23(5) 19(17) 40(26) 15(41) 11(50) 3(69) 25(77)
InDoor #3: 44(24) 34(38) 45(46) 8(60) 26(75) 42(86)
InDoor #4: 2(25) 9(33) 1(40) 47(50) 37(67) 21(94)
InDoor #5: 14(14) 17(22) 28(32) 0(46) 20(53) 4(64) 38(93)
InDoor #6: 33(4) 30(19) 41(30) 18(43) 27(53) 49(65)
InDoor #7: 5(14) 24(24) 7(42) 10(49) 32(88) 31(97)
InDoor #8: 16(3) 39(11) 48(22) 22(47) 6(92)
OuDoor #1: 22(56) 24(69) 46(80) 35(126) 28(133)
OuDoor #2: 37(58) 0(65) 31(78) 29(94) 10(104)
OuDoor #3: 2(52) 27(69) 34(78) 14(84) 47(93) 18(99) 8(108)
OuDoor #4: 26(53) 33(68) 42(76) 20(86) 30(97) 45(112) 4(124)
OuDoor #5: 41(48) 38(62) 39(74) 12(84) 17(110) 9(126) 5(135)
OuDoor #6: 3(51) 48(72) 40(77) 7(88) 44(108) 1(119) 36(128)
OuDoor #7: 6(55) 43(68) 23(76) 15(88) 19(101) 13(115)
OuDoor #8: 11(73) 32(86) 21(124) 25(132) 49(138) 16(143)
Cost 417126.04
DetCost 394722
Time 893.54
InDoor #1: 48(22) 28(30) 13(44) 37(67) 32(88) 31(97)
InDoor #2: 33(4) 14(14) 24(24) 7(42) 0(47) 29(55) 4(64) 6(92)
InDoor #3: 5(14) 17(22) 9(33) 22(47) 11(54) 49(65) 35(74) 38(93)
InDoor #4: 2(25) 34(38) 47(50) 8(60) 3(69) 25(77) 46(99)
InDoor #5: 12(17) 40(26) 1(40) 10(49) 26(75) 42(86)
InDoor #6: 16(3) 23(11) 19(18) 41(30) 18(43) 20(52)
InDoor #7: 36(4) 30(19) 44(27) 15(41) 27(53)
InDoor #8: 39(11) 43(24) 45(46) 21(94)
OuDoor #1: 23(76) 20(86) 19(101) 13(115) 49(126) 1(131)
OuDoor #2: 3(51) 43(68) 42(76) 12(84) 44(108) 9(128)
OuDoor #3: 26(53) 38(61) 27(69) 31(78) 15(88) 17(110)
OuDoor #4: 2(52) 24(68) 34(78) 32(86) 29(94) 10(104) 28(118) 36(127) 25(132)
OuDoor #5: 41(48) 37(58) 33(68) 11(73) 46(80) 47(93) 18(99) 8(108)
OuDoor #6: 6(55) 39(74) 14(84) 4(124)
OuDoor #7: 22(56) 0(65) 48(75) 35(129) 21(136) 16(144)
OuDoor #8: 40(77) 7(88) 30(98) 45(112) 5(133)
Cost 417927.10
DetCost 395989
Time 1488.97
InDoor #1: 30(19) 24(27) 18(43) 32(88)
InDoor #2: 40(26) 34(38) 45(46) 3(69) 42(86) 46(99)
InDoor #3: 14(14) 41(30) 1(40) 20(51) 8(60) 26(75) 6(92)
InDoor #4: 36(4) 12(17) 44(24) 9(33) 15(41) 11(50) 29(56) 4(64) 25(77)
InDoor #5: 23(5) 5(14) 17(22) 7(42) 10(49) 49(65) 38(93)
InDoor #6: 19(17) 43(26) 28(31) 0(46) 47(53) 37(67) 21(94)
InDoor #7: 48(22) 2(30) 22(47) 27(54) 31(97)
InDoor #8: 33(4) 16(12) 39(20) 13(44) 35(74)
OuDoor #1: 6(55) 24(69) 46(80) 10(104)
OuDoor #2: 2(52) 33(68) 40(74) 14(84) 30(95) 19(101) 17(110)
OuDoor #3: 41(48) 37(58) 0(65) 34(78) 20(86) 18(99) 8(108) 13(115) 16(127) 9(137)
OuDoor #4: 26(53) 38(62) 48(71) 42(76) 12(84) 47(93)
OuDoor #5: 22(56) 11(71) 31(78) 4(124) 25(132)
OuDoor #6: 3(51) 43(68) 39(74) 15(88) 45(112) 36(123) 5(128) 28(133)
OuDoor #7: 27(70) 32(86) 29(94) 44(108) 1(128)
OuDoor #8: 23(76) 7(88) 21(127) 49(135) 35(140)
Cost 419351.76
DetCost 396153
Time 1691.31
InDoor #1: 23(5) 44(24) 0(46) 6(92)
InDoor #2: 14(14) 24(24) 13(44) 29(55) 37(67) 32(88) 31(97)
InDoor #3: 33(4) 5(14) 48(22) 9(33) 18(43) 11(52) 4(64) 25(77) 21(94) 46(102)
InDoor #4: 43(24) 41(30) 1(40) 20(51) 8(60) 26(75) 38(93)
InDoor #5: 17(22) 28(32) 15(41) 10(49) 3(69) 42(86)
InDoor #6: 36(4) 19(17) 40(26) 7(42) 22(47) 27(54) 49(65)
InDoor #7: 12(17) 2(25) 34(38) 47(50) 35(74)
InDoor #8: 16(3) 39(11) 30(21) 45(46)
OuDoor #1: 27(69) 31(78) 44(108)
OuDoor #2: 23(76) 20(86) 10(104) 13(115) 35(125) 49(132) 9(137)
OuDoor #3: 26(48) 6(55) 0(65) 48(75) 46(80) 29(94) 45(112) 25(124)
OuDoor #4: 3(51) 38(62) 11(71) 34(78) 14(84) 18(99) 17(110) 36(127)
OuDoor #5: 22(56) 33(68) 42(76) 32(85) 47(93) 8(108) 4(124)
OuDoor #6: 41(48) 37(58) 43(68) 39(74) 12(84) 1(131)
OuDoor #7: 2(52) 24(67) 40(77) 7(88) 19(101) 28(133)
OuDoor #8: 15(88) 30(98) 5(131) 21(136) 16(144)
Cost 420254.79
DetCost 397720
Time 440.21
InDoor #1: 36(4) 16(14) 24(24) 13(44) 46(99)
InDoor #2: 5(14) 2(25) 15(41) 11(50) 3(69)
InDoor #3: 40(26) 34(38) 45(46) 29(56) 49(65) 26(75) 6(92)
InDoor #4: 12(17) 30(23) 28(31) 1(40) 10(49) 42(86)
InDoor #5: 39(11) 19(21) 41(30) 0(46) 20(53) 37(67) 38(93)
InDoor #6: 17(22) 9(33) 18(43) 27(53) 4(64) 25(77) 32(88)
InDoor #7: 23(5) 33(12) 43(24) 44(29) 7(42) 22(47) 8(60) 21(94)
InDoor #8: 14(14) 48(22) 47(50) 35(74) 31(97)
OuDoor #1: 22(56) 24(69) 46(80) 47(92) 30(98) 5(132)
OuDoor #2: 0(65) 31(77) 32(86) 35(126) 28(133) 16(142)
OuDoor #3: 2(52) 27(69) 34(78) 12(84) 45(112) 1(128)
OuDoor #4: 41(48) 37(58) 33(68) 11(73) 15(88) 19(101) 8(108)
OuDoor #5: 3(51) 38(62) 48(71) 42(76) 20(86) 17(110) 4(124)
OuDoor #6: 6(55) 43(68) 23(74) 14(84) 18(96) 10(104)
OuDoor #7: 26(53) 39(74) 29(94) 44(108) 21(119) 36(127) 25(132)
OuDoor #8: 40(77) 7(88) 13(115) 49(132) 9(137)
Cost 417933.76
DetCost 393137
Time 910.73
InDoor #1: 12(17) 2(25) 22(47) 37(67)
InDoor #2: 16(3) 14(14) 48(22) 9(33) 18(43) 47(52) 35(74)
InDoor #3: 43(24) 41(30) 0(46) 27(53) 49(65) 26(75) 42(86) 46(99)
InDoor #4: 17(22) 28(32) 7(42) 11(50) 8(60) 25(77) 38(93)
InDoor #5: 5(14) 24(24) 1(40) 20(51) 29(56) 4(64) 21(94)
InDoor #6: 36(4) 19(17) 40(26) 34(38) 10(49) 3(69) 32(88) 31(97)
InDoor #7: 33(4) 44(24) 15(41) 45(48) 6(92)
InDoor #8: 23(5) 39(12) 30(22) 13(44)
OuDoor #1: 26(53) 23(76) 32(86)
OuDoor #2: 41(48) 43(68) 39(74) 12(84) 29(94) 10(104) 5(123) 36(128)
OuDoor #3: 3(51) 24(67) 40(77) 18(99) 8(108) 1(123) 25(132)
OuDoor #4: 38(62) 42(76) 20(86) 17(110) 28(121) 9(130) 49(139) 16(144)
OuDoor #5: 37(58) 11(71) 34(78) 14(84) 47(93) 45(112) 4(124)
OuDoor #6: 2(52) 33(68) 48(73) 31(78) 15(88) 19(101) 44(107) 13(115)
OuDoor #7: 6(55) 0(65) 46(80)
OuDoor #8: 22(56) 27(70) 7(88) 30(98) 21(130) 35(138)
Cost 417491.79
DetCost 393880
Time 1248.43
InDoor #1: 36(4) 5(14) 39(22) 22(47) 31(97)
InDoor #2: 33(4) 19(17) 18(43) 47(52) 35(74)
InDoor #3: 48(22) 41(30) 0(46) 20(53) 37(67) 38(93)
InDoor #4: 14(14) 17(22) 28(32) 7(42) 10(49) 4(64) 42(86)
InDoor #5: 12(17) 2(25) 9(33) 15(41) 11(50) 49(65) 32(88) 46(99)
InDoor #6: 16(3) 30(19) 40(27) 1(40) 27(53) 3(69) 6(92)
InDoor #7: 24(24) 34(38) 45(46) 8(60) 26(75) 21(94)
InDoor #8: 23(5) 43(24) 44(29) 13(44) 29(55) 25(77)
OuDoor #1: 23(74) 14(84) 29(94) 9(122) 28(131) 35(140)
OuDoor #2: 39(74) 7(88) 5(121) 36(126) 21(131) 49(139) 16(144)
OuDoor #3: 3(51) 33(68) 11(73) 32(86) 17(110) 1(123) 25(132)
OuDoor #4: 22(56) 43(68) 42(76) 12(84) 47(93) 19(101) 8(108)
OuDoor #5: 26(53) 38(62) 48(73) 31(78) 10(104) 4(122)
OuDoor #6: 41(48) 37(58) 0(65) 40(77) 15(88) 44(107) 13(115)
OuDoor #7: 2(52) 27(69) 34(78) 20(86) 18(99) 45(112)
OuDoor #8: 6(55) 24(69) 46(80) 30(98)
Cost 418609.92
DetCost 396832
Time 1280.43
InDoor #1: 16(3) 23(11) 33(18) 28(30) 22(47)
InDoor #2: 12(17) 24(24) 0(46) 27(53) 3(69) 25(77) 6(92)
InDoor #3: 17(22) 9(33) 7(42) 47(50) 49(65) 21(94)
InDoor #4: 14(14) 48(22) 41(30) 18(43) 20(52) 4(64)
InDoor #5: 5(14) 2(25) 43(33) 1(40) 10(49) 37(67) 32(88)
InDoor #6: 40(26) 34(38) 45(46) 26(75) 42(86) 31(97) 46(106)
InDoor #7: 19(17) 44(26) 15(41) 11(50) 8(60) 35(74) 38(93)
InDoor #8: 36(4) 39(14) 30(24) 13(44) 29(55)
OuDoor #1: 23(76) 47(93) 18(99) 49(139) 16(144)
OuDoor #2: 3(51) 39(74) 32(86) 13(115)
OuDoor #3: 26(53) 38(62) 40(77) 15(88) 45(112) 1(124) 28(133)
OuDoor #4: 6(55) 43(68) 42(76) 12(84) 30(98) 44(108) 25(131)
OuDoor #5: 41(48) 37(58) 33(68) 11(73) 20(86) 10(104) 4(124)
OuDoor #6: 2(52) 0(64) 48(73) 31(78) 7(88) 19(101) 8(108)
OuDoor #7: 22(56) 27(69) 34(78) 14(84) 29(94) 17(110) 5(123) 36(128)
OuDoor #8: 24(69) 46(80) 21(122) 35(130) 9(137)
Cost 417585.55
DetCost 391378
Time 1190.34
InDoor #1: 23(5) 16(12) 30(20) 43(28) 22(47) 38(93)
InDoor #2: 48(22) 34(38) 0(46) 27(53) 3(69) 26(76) 42(86) 46(99)
InDoor #3: 12(17) 2(25) 9(33) 7(42) 10(49) 25(77) 32(88)
InDoor #4: 36(4) 5(14) 41(30) 18(43) 47(52) 49(65)
InDoor #5: 17(22) 28(32) 1(40) 20(51) 4(64) 35(74) 21(94)
InDoor #6: 19(17) 40(26) 15(41) 11(50) 29(56) 37(67)
InDoor #7: 39(11) 44(24) 13(44) 8(60) 31(97)
InDoor #8: 33(4) 14(14) 24(24) 45(46) 6(92)
OuDoor #1: 26(53) 23(76) 47(92) 30(98) 17(110) 35(126) 1(133) 49(142) 21(147)
OuDoor #2: 2(52) 24(65) 48(75) 32(86) 18(99) 8(108)
OuDoor #3: 6(55) 43(68) 39(74) 15(88) 19(98) 10(104)
OuDoor #4: 3(51) 38(62) 11(73) 46(80) 29(94) 44(108) 4(124) 28(132)
OuDoor #5: 41(48) 37(58) 33(68) 42(76) 12(84) 45(112) 36(127) 25(132)
OuDoor #6: 27(68) 31(77) 20(86)
OuDoor #7: 22(56) 0(65) 34(78) 14(84) 13(115) 9(126) 5(135) 16(140)
OuDoor #8: 40(77) 7(88)
Cost 418882.99
DetCost 394445
Time 1771.19
InDoor #1: 33(4) 39(12) 44(24) 18(43) 20(52) 26(75) 21(94)
InDoor #2: 23(5) 0(46) 27(53) 25(77) 32(88) 31(97)
InDoor #3: 43(24) 41(30) 22(47) 4(64) 42(86)
InDoor #4: 14(14) 30(20) 40(28) 34(38) 13(45) 38(93)
InDoor #5: 12(17) 24(24) 1(40) 47(50) 8(60) 35(74)
InDoor #6: 17(22) 9(33) 7(42) 11(50) 29(56) 37(67) 6(92)
InDoor #7: 36(4) 5(14) 48(22) 28(30) 15(41) 10(49) 3(69) 46(99)
InDoor #8: 16(3) 19(17) 2(26) 45(46) 49(65)
OuDoor #1: 40(77) 18(98) 8(106) 45(112) 16(127) 9(137)
OuDoor #2: 11(69) 23(76) 15(88) 10(104) 13(115) 4(124)
OuDoor #3: 6(55) 43(68) 39(74) 14(84) 19(101) 44(108) 36(127) 25(132)
OuDoor #4: 2(52) 38(62) 27(70) 46(80) 29(94) 17(110)
OuDoor #5: 26(51) 37(58) 24(68) 31(78) 7(88)
OuDoor #6: 22(56) 0(65) 42(76) 20(86) 49(140) 21(145)
OuDoor #7: 3(51) 33(68) 48(73) 34(78) 32(85) 47(93) 28(122) 1(131) 35(140)
OuDoor #8: 41(48) 12(84) 30(98) 5(131)
Cost 418959.01
DetCost 396931
Time 1136.18
