InDoor #1: 14(14) 45(46) 32(88) 16(103) 33(304) 5(314) 17(322) 2(332) 7(342) 79(371)
InDoor #2: 60(47) 49(65) 78(90) 24(124) 13(144) 63(159) 35(274) 26(281) 12(317) 71(324)
InDoor #3: 75(49) 21(94) 74(173) 42(186) 46(199) 25(277) 56(312) 38(393) 9(433)
InDoor #4: 30(219) 65(274) 19(317) 41(330) 59(409) 44(424) 51(466) 48(522) 58(538) 1(544)
InDoor #5: 54(22) 23(30) 39(111) 53(121) 57(195) 64(214) 67(228) 10(249) 11(259) 62(460) 70(530)
InDoor #6: 68(173) 61(200) 47(250) 76(366) 27(453) 77(461) 55(524) 15(541)
InDoor #7: 20(151) 73(243) 8(360) 3(369) 69(449) 29(455) 4(464) 66(482) 6(492) 36(504) 40(526) 50(565) 31(597)
InDoor #8: 72(21) 43(30) 28(35) 52(89) 22(147) 18(243) 34(338) 37(367) 0(446)
OuDoor #1: 8(101) 6(121) 13(126) 26(247) 70(253) 62(289) 34(322) 74(333) 46(357) 60(430)
OuDoor #2: 3(63) 65(73) 30(128) 73(177) 56(208) 14(288) 72(326) 16(447) 38(569) 51(591) 5(600)
OuDoor #3: 36(129) 54(206) 23(213) 47(243) 9(293) 4(309) 21(319) 31(337) 12(359) 53(528)
OuDoor #4: 59(167) 45(203) 27(212) 37(234) 67(249) 68(415) 33(421) 17(491) 69(501) 24(548)
OuDoor #5: 79(104) 28(151) 22(179) 39(188) 64(215) 78(223) 2(273) 42(281) 58(327) 7(367) 1(483)
OuDoor #6: 57(74) 20(91) 0(124) 10(208) 75(271) 77(438) 61(480) 35(500) 19(538) 44(546)
OuDoor #7: 55(382) 76(395) 25(456) 50(467) 29(495) 15(505) 66(580) 11(585) 71(609)
OuDoor #8: 41(384) 40(396) 43(404) 49(471) 32(572) 18(620) 48(625) 52(630) 63(640)
Cost 1821242.07
DetCost 1810107
Time 1344.14
InDoor #1: 23(5) 60(47) 20(151) 68(173) 67(228) 26(275) 19(317) 0(446) 29(455) 6(492)
InDoor #2: 54(22) 45(46) 64(214) 10(249) 5(314) 17(322) 41(332) 79(371) 69(449) 77(460)
InDoor #3: 32(88) 21(94) 39(111) 22(147) 74(173) 42(186) 46(199) 30(219) 71(324) 37(367) 27(453) 62(461) 48(522)
InDoor #4: 61(200) 33(304) 12(317) 44(424) 51(466) 36(504) 55(524) 70(530) 58(539) 1(545) 31(597)
InDoor #5: 75(49) 16(103) 13(144) 57(195) 73(243) 47(253) 65(274) 2(325) 59(409)
InDoor #6: 49(65) 78(90) 53(121) 63(159) 11(250) 35(274) 56(312) 7(342) 76(366)
InDoor #7: 72(21) 25(277) 8(360) 3(369) 66(482) 40(526) 15(541) 50(565)
InDoor #8: 14(14) 43(24) 28(30) 52(89) 24(124) 18(243) 34(338) 38(393) 9(433) 4(464)
OuDoor #1: 3(63) 67(249) 4(310) 31(337) 7(371) 43(399) 40(406) 68(426) 49(471) 61(480) 53(525) 48(634)
OuDoor #2: 65(67) 57(74) 79(104) 36(129) 59(165) 45(203) 27(212) 42(281) 74(333) 50(467)
OuDoor #3: 20(89) 8(101) 54(206) 23(213) 37(234) 47(242) 21(317) 72(326) 1(483)
OuDoor #4: 28(156) 56(208) 26(247) 70(253) 34(322) 76(395) 77(438) 17(490) 69(501) 19(538) 71(609)
OuDoor #5: 6(121) 13(126) 39(188) 64(215) 78(223) 75(271) 62(289) 33(421) 29(503) 24(548) 51(590) 5(599)
OuDoor #6: 22(172) 73(177) 10(208) 2(272) 14(288) 46(357) 60(428) 35(500) 63(622) 18(630)
OuDoor #7: 0(122) 30(128) 9(293) 12(359) 55(382) 16(446) 25(456) 66(580) 11(585)
OuDoor #8: 58(327) 41(384) 15(505) 44(546) 38(569) 32(574) 52(642)
Cost 1821662.94
DetCost 1810108
Time 1741.72
InDoor #1: 54(22) 72(30) 75(49) 21(94) 68(173) 5(314) 79(371) 4(464) 6(492)
InDoor #2: 14(14) 23(20) 32(88) 42(186) 46(199) 47(250) 41(330) 34(340) 48(522)
InDoor #3: 60(47) 74(173) 57(195) 10(249) 12(317) 59(409) 44(424) 29(455) 55(524) 15(541)
InDoor #4: 45(46) 16(103) 24(124) 61(200) 65(274) 8(360) 38(393) 9(433) 27(453) 77(461) 36(504)
InDoor #5: 78(90) 64(214) 71(324) 3(369) 0(446) 62(460) 70(530) 58(539) 1(545) 50(565) 31(597)
InDoor #6: 52(89) 30(219) 35(274) 19(317) 7(342) 76(366) 69(449) 51(466) 40(526)
InDoor #7: 39(111) 53(121) 13(144) 18(243) 11(252) 25(277) 33(304) 17(322) 2(332) 37(367) 66(482)
InDoor #8: 28(30) 43(37) 49(65) 22(147) 20(154) 63(159) 67(228) 73(243) 26(275) 56(312)
OuDoor #1: 56(208) 74(333) 7(369) 40(403) 68(420) 29(505) 53(525) 38(569) 32(574)
OuDoor #2: 57(67) 65(73) 20(93) 8(101) 0(123) 36(129) 59(168) 54(206) 27(212) 75(271) 18(624)
OuDoor #3: 3(63) 6(125) 22(182) 39(188) 45(203) 64(215) 26(251) 33(421) 77(438) 19(538)
OuDoor #4: 79(104) 13(122) 30(128) 28(156) 23(213) 70(253) 41(384) 49(471) 61(480) 24(548) 11(585)
OuDoor #5: 10(208) 47(243) 4(309) 21(318) 58(327) 55(382) 60(429) 16(447) 1(483) 69(501) 44(546) 71(609)
OuDoor #6: 78(223) 37(234) 2(271) 42(279) 62(289) 72(326) 46(357) 50(467) 66(582)
OuDoor #7: 9(293) 34(322) 31(337) 12(359) 76(394) 43(404) 25(456) 15(505) 48(627) 63(632)
OuDoor #8: 73(177) 67(249) 14(288) 17(494) 35(500) 5(592) 51(599) 52(642)
Cost 1822030.79
DetCost 1810167
Time 1507.96
InDoor #1: 54(22) 78(90) 63(159) 25(277) 56(312) 37(367) 66(482) 6(492) 48(522) 1(540) 31(597)
InDoor #2: 49(65) 24(124) 61(200) 35(274) 71(324) 7(342) 59(409) 44(424) 4(464) 36(504)
InDoor #3: 45(46) 57(195) 64(214) 5(314) 9(433) 55(524) 40(529) 58(538) 15(544)
InDoor #4: 75(49) 52(89) 74(173) 46(199) 33(304) 19(317) 2(326) 76(366) 79(373) 38(393) 70(530) 50(565)
InDoor #5: 32(88) 21(94) 39(111) 13(144) 42(186) 67(228) 65(274) 3(369) 27(453)
InDoor #6: 60(47) 16(103) 53(121) 30(219) 10(249) 11(259) 17(322) 41(332) 8(360) 29(455) 51(466)
InDoor #7: 28(30) 68(173) 18(243) 73(252) 26(275) 12(317) 34(338) 0(446) 77(460)
InDoor #8: 14(14) 43(24) 23(29) 72(36) 22(147) 20(154) 47(250) 69(449) 62(460)
OuDoor #1: 65(73) 73(177) 78(223) 70(253) 9(293) 58(327) 12(359) 43(401) 15(505) 53(523) 71(609)
OuDoor #2: 23(213) 37(234) 14(288) 46(357) 7(367) 76(395) 68(415) 33(421) 77(438) 35(500) 32(569)
OuDoor #3: 36(129) 28(156) 59(168) 22(178) 45(203) 64(215) 62(289) 74(333) 19(538) 38(566)
OuDoor #4: 20(87) 30(128) 10(208) 34(322) 31(337) 16(447) 69(501) 44(546) 66(580) 11(585)
OuDoor #5: 8(101) 13(126) 54(206) 27(212) 67(249) 72(326) 55(382) 61(480) 24(548) 48(633) 63(638)
OuDoor #6: 3(63) 57(74) 0(119) 6(125) 56(208) 41(384) 29(505) 51(590) 5(599) 52(642)
OuDoor #7: 26(246) 2(273) 42(281) 21(319) 40(397) 60(430) 25(456) 49(471) 1(483)
OuDoor #8: 79(104) 39(188) 47(243) 75(271) 4(312) 50(467) 17(496) 18(632)
Cost 1821521.24
DetCost 1810293
Time 454.53
InDoor #1: 14(14) 60(47) 53(121) 24(131) 22(147) 47(250) 2(325) 37(367) 0(446) 27(453)
InDoor #2: 72(21) 45(46) 49(65) 21(94) 39(111) 68(173) 38(393) 69(449) 29(455) 40(526)
InDoor #3: 46(199) 64(214) 10(249) 26(275) 56(312) 17(322) 41(332) 3(369) 79(376) 4(464)
InDoor #4: 52(89) 42(186) 30(219) 7(342) 77(460) 6(492) 70(530) 15(541) 50(565) 31(597)
InDoor #5: 16(103) 63(159) 57(195) 19(317) 71(326) 62(460) 36(504) 48(522) 58(538) 1(544)
InDoor #6: 32(88) 13(144) 61(200) 67(228) 35(274) 12(317) 76(366) 44(424) 51(466) 66(482) 55(524)
InDoor #7: 75(49) 74(173) 73(243) 25(277) 33(304) 5(314) 34(338) 8(360) 59(409) 9(433)
InDoor #8: 23(5) 54(22) 43(30) 28(35) 78(90) 20(151) 18(243) 11(252) 65(274)
OuDoor #1: 3(63) 65(73) 20(85) 0(124) 75(271) 68(416) 49(471) 53(526) 38(569) 32(574)
OuDoor #2: 28(153) 23(213) 76(395) 25(456) 50(467) 61(480) 18(622) 52(627) 48(637) 63(642)
OuDoor #3: 56(208) 47(242) 26(247) 70(253) 12(359) 7(365) 40(396) 43(404) 24(548) 11(585)
OuDoor #4: 13(126) 54(206) 27(212) 37(234) 2(275) 46(357) 29(505) 44(546) 51(598) 71(609)
OuDoor #5: 22(172) 73(177) 45(203) 64(215) 67(249) 62(289) 31(337) 60(429) 1(483) 35(500) 66(582)
OuDoor #6: 57(74) 8(101) 6(123) 30(128) 39(188) 10(208) 42(278) 14(288) 55(382) 15(505) 19(538)
OuDoor #7: 36(129) 78(223) 9(293) 4(308) 58(314) 34(322) 74(333) 33(421) 16(447) 5(592)
OuDoor #8: 79(104) 59(168) 21(317) 72(326) 41(384) 77(438) 17(495) 69(501)
Cost 1822549.69
DetCost 1810249
Time 1695.15
InDoor #1: 63(159) 47(250) 12(317) 29(455) 55(524) 58(538) 1(544) 15(552) 50(565) 31(597)
InDoor #2: 54(22) 72(30) 39(111) 53(121) 73(243) 65(274) 5(314) 2(325) 59(409) 66(482) 70(530)
InDoor #3: 23(5) 49(65) 16(103) 18(243) 56(312) 7(342) 9(433) 77(460) 40(526)
InDoor #4: 45(46) 52(89) 10(249) 26(275) 17(322) 62(460) 51(467) 6(492) 36(504) 48(522)
InDoor #5: 14(14) 75(49) 57(195) 64(214) 35(274) 19(317) 76(366) 0(446) 27(453) 4(464)
InDoor #6: 43(24) 60(47) 78(90) 74(173) 61(200) 30(219) 25(277) 8(360) 3(369) 38(393) 44(424)
InDoor #7: 28(30) 32(88) 20(151) 42(186) 67(228) 33(304) 71(324) 37(367) 69(449)
InDoor #8: 21(94) 24(124) 13(144) 22(154) 68(173) 46(199) 11(250) 41(330) 34(340) 79(371)
OuDoor #1: 30(128) 73(177) 75(271) 12(359) 35(500) 19(538) 38(569) 66(582) 71(609) 63(630)
OuDoor #2: 6(125) 2(270) 74(333) 40(396) 43(404) 33(421) 68(426) 16(447) 29(495) 15(505) 44(546)
OuDoor #3: 26(247) 70(253) 4(304) 46(357) 61(480) 24(548) 32(574) 11(585) 5(595)
OuDoor #4: 57(73) 13(126) 28(153) 10(208) 42(279) 62(289) 58(327) 25(452) 1(483) 51(598)
OuDoor #5: 65(73) 79(104) 36(129) 64(215) 47(243) 14(288) 31(337) 76(395) 77(438) 49(471) 53(523)
OuDoor #6: 3(63) 20(89) 45(203) 23(213) 37(234) 9(293) 55(382) 50(467) 69(501)
OuDoor #7: 8(101) 59(168) 22(183) 39(188) 54(206) 27(212) 78(223) 67(249) 34(322) 41(384) 17(497)
OuDoor #8: 0(124) 56(208) 21(317) 72(326) 7(369) 60(430) 18(632) 52(637) 48(647)
Cost 1821311.75
DetCost 1809930
Time 1480.16
InDoor #1: 54(22) 39(111) 30(219) 33(304) 41(330) 66(482) 55(524) 48(529) 58(538) 1(544)
InDoor #2: 23(5) 32(88) 13(144) 68(173) 64(214) 67(228) 17(322) 2(332) 34(340) 79(371) 9(433) 40(526)
InDoor #3: 75(49) 60(55) 63(159) 46(199) 10(249) 11(259) 26(275) 5(314) 12(322) 59(409) 44(424)
InDoor #4: 28(30) 57(195) 47(250) 7(342) 8(360) 3(369) 38(393) 77(460) 36(504) 70(530)
InDoor #5: 43(24) 52(89) 74(173) 61(200) 73(243) 18(253) 56(312) 71(324) 76(366) 62(460)
InDoor #6: 72(21) 14(30) 16(103) 42(186) 35(274) 19(317) 37(367) 29(455) 51(466)
InDoor #7: 45(46) 49(65) 78(90) 21(99) 53(121) 24(131) 25(277) 0(446) 27(453) 31(597)
InDoor #8: 22(147) 20(154) 65(274) 69(449) 4(464) 6(492) 15(541) 50(565)
OuDoor #1: 37(234) 47(242) 26(247) 70(253) 34(322) 68(420) 16(447) 69(499) 15(505) 19(538) 24(548)
OuDoor #2: 3(63) 20(93) 8(101) 0(123) 36(129) 39(188) 27(212) 67(249) 72(326) 35(500)
OuDoor #3: 57(74) 59(167) 22(172) 73(177) 10(208) 75(271) 74(333) 12(359) 41(384) 5(596)
OuDoor #4: 30(128) 64(215) 42(281) 21(319) 31(337) 46(357) 55(382) 60(428) 44(546)
OuDoor #5: 65(73) 79(104) 6(125) 45(203) 23(213) 78(223) 62(289) 76(395) 77(438) 1(483) 29(505) 38(569)
OuDoor #6: 54(206) 2(275) 14(288) 4(309) 40(393) 43(401) 61(480) 11(585) 51(598)
OuDoor #7: 13(126) 28(151) 56(208) 9(293) 7(369) 49(471) 53(525) 32(573) 66(582) 71(609)
OuDoor #8: 58(327) 33(421) 25(456) 50(467) 17(496) 18(620) 48(625) 52(630) 63(640)
Cost 1821384.87
DetCost 1810487
Time 954.68
InDoor #1: 53(121) 33(304) 12(317) 17(323) 41(333) 3(369) 38(393) 69(449) 27(455) 6(492) 48(522)
InDoor #2: 68(173) 42(186) 7(342) 0(446) 66(482) 40(526) 58(538) 15(544) 1(551) 31(597)
InDoor #3: 45(46) 32(88) 57(195) 65(274) 5(314) 71(324) 34(338) 29(455) 51(466) 36(504)
InDoor #4: 75(49) 74(173) 61(200) 67(228) 73(243) 18(253) 19(317) 77(460) 55(524) 70(530) 50(565)
InDoor #5: 14(14) 49(65) 52(89) 16(103) 11(250) 2(325) 76(366) 59(409) 44(424) 62(460) 4(467)
InDoor #6: 54(22) 23(30) 78(90) 63(159) 46(199) 30(219) 10(249) 26(275) 56(312) 8(360)
InDoor #7: 28(30) 60(47) 21(94) 39(111) 24(124) 13(144) 64(214) 47(250) 35(274)
InDoor #8: 43(24) 72(29) 22(147) 20(154) 25(277) 37(367) 79(377) 9(433)
OuDoor #1: 65(73) 79(104) 28(156) 56(208) 2(275) 4(314) 34(322) 12(359) 60(430) 50(467) 35(500)
OuDoor #2: 22(184) 54(206) 21(317) 72(326) 31(337) 46(357) 7(364) 49(471) 61(480)
OuDoor #3: 57(74) 20(87) 8(101) 45(203) 64(215) 74(333) 40(401) 17(490) 69(499) 15(505) 38(569)
OuDoor #4: 23(213) 78(223) 41(384) 25(456) 1(483) 19(538) 44(546) 32(573) 66(582)
OuDoor #5: 30(128) 39(188) 10(208) 67(249) 42(277) 55(382) 33(421) 68(426) 77(438) 24(548)
OuDoor #6: 6(125) 73(177) 37(234) 62(289) 43(403) 53(528) 11(585) 5(595) 71(602) 51(609) 52(642)
OuDoor #7: 3(63) 0(120) 13(126) 27(212) 47(242) 26(247) 70(253) 14(288) 76(395) 16(447)
OuDoor #8: 36(129) 59(167) 75(271) 9(293) 58(327) 29(505) 18(630) 48(638) 63(643)
Cost 1821344.10
DetCost 1809903
Time 1695.29
InDoor #1: 23(5) 14(14) 72(21) 43(30) 60(47) 52(89) 39(111) 24(124) 12(317) 7(342)
InDoor #2: 54(22) 45(46) 21(94) 74(173) 10(249) 25(277) 71(324) 34(338) 59(409) 55(524) 70(530)
InDoor #3: 53(121) 63(159) 18(243) 35(274) 5(314) 17(322) 44(424) 4(464) 66(482)
InDoor #4: 57(195) 30(219) 47(250) 11(258) 19(317) 79(371) 77(460) 6(492) 58(538) 50(565) 31(597)
InDoor #5: 28(30) 49(65) 32(88) 22(147) 61(200) 64(214) 56(312) 37(367) 62(460) 40(526)
InDoor #6: 75(49) 16(103) 42(186) 46(199) 67(228) 65(274) 2(325) 76(366) 38(393) 69(449) 51(466)
InDoor #7: 78(90) 73(243) 3(369) 9(433) 0(446) 27(453) 36(504) 48(522) 15(541)
InDoor #8: 13(144) 20(154) 68(173) 26(275) 33(304) 41(330) 8(360) 29(455) 1(540)
OuDoor #1: 3(63) 65(73) 20(91) 28(151) 46(357) 7(366) 68(424) 60(430) 48(626) 63(631) 18(639)
OuDoor #2: 36(129) 26(247) 70(253) 9(293) 58(327) 33(421) 35(500) 19(538) 24(548)
OuDoor #3: 73(177) 10(208) 42(279) 62(289) 4(314) 74(331) 31(337) 12(359) 77(438) 15(505) 66(582)
OuDoor #4: 57(74) 0(122) 30(128) 22(181) 39(188) 27(210) 64(215) 37(234) 47(242) 75(271)
OuDoor #5: 8(101) 45(203) 23(213) 78(223) 25(454) 1(483) 69(501) 53(524) 11(585) 71(596) 52(642)
OuDoor #6: 6(125) 54(206) 67(249) 2(274) 76(395) 16(447) 50(467) 61(480) 17(490)
OuDoor #7: 79(104) 13(126) 59(168) 56(208) 21(317) 72(326) 55(382) 49(471) 44(546) 32(568)
OuDoor #8: 14(288) 34(322) 41(384) 43(399) 40(406) 29(505) 38(569) 51(591) 5(600)
Cost 1822855.19
DetCost 1810649
Time 889.52
InDoor #1: 14(14) 49(65) 21(94) 13(144) 68(173) 26(275) 62(460) 51(467) 6(492) 36(504) 40(526) 15(541)
InDoor #2: 74(173) 73(243) 17(322) 77(460) 4(469) 66(482) 55(524) 70(530) 58(539) 31(597)
InDoor #3: 52(89) 16(103) 53(121) 22(147) 42(186) 61(200) 18(243) 10(252) 71(324) 2(332) 79(371)
InDoor #4: 32(88) 20(151) 46(199) 47(250) 11(258) 25(277) 19(317) 7(342) 37(367) 9(433)
InDoor #5: 45(46) 39(111) 63(159) 35(274) 12(317) 41(330) 76(366) 38(393) 59(409) 27(453)
InDoor #6: 75(49) 64(214) 30(220) 8(360) 3(369) 29(455) 48(522) 1(540)
InDoor #7: 60(47) 78(90) 57(195) 65(274) 33(304) 56(312) 34(338) 44(424) 0(446) 50(565)
InDoor #8: 23(5) 54(22) 72(30) 43(39) 28(44) 24(124) 67(228) 5(314) 69(449)
OuDoor #1: 22(184) 26(253) 14(288) 4(314) 12(359) 7(369) 1(483) 17(492) 53(522)
OuDoor #2: 6(123) 30(128) 39(188) 45(203) 2(274) 68(420) 29(495) 15(505) 19(538) 44(546) 71(609)
OuDoor #3: 54(206) 23(213) 78(223) 75(271) 42(281) 76(395) 35(500) 24(548) 38(568) 32(573) 48(634)
OuDoor #4: 8(101) 56(208) 9(293) 31(337) 46(357) 41(384) 16(446) 25(456) 61(480)
OuDoor #5: 57(74) 0(120) 13(126) 28(151) 73(177) 27(212) 70(253) 62(289) 33(421) 63(624) 18(632)
OuDoor #6: 59(167) 10(208) 37(234) 47(243) 21(317) 72(326) 55(382) 60(428) 49(471)
OuDoor #7: 3(63) 65(73) 20(93) 79(104) 36(129) 64(215) 67(249) 34(322) 66(582) 52(642)
OuDoor #8: 58(325) 74(333) 40(396) 43(404) 77(438) 50(467) 69(501) 11(585) 5(595) 51(602)
Cost 1821716.31
DetCost 1810332
Time 1766.64
