InDoor #1: 3(69) 2(100) 8(135)
InDoor #2: 4(89) 5(164) 11(175) 6(192)
InDoor #3: 1(15) 7(42) 12(92) 13(144) 0(221)
InDoor #4: 14(14) 10(174) 9(208)
OuDoor #1: 10(124) 8(133) 7(174)
OuDoor #2: 13(116) 4(183) 11(221) 5(260)
OuDoor #3: 9(87) 0(106) 2(113) 3(142)
OuDoor #4: 1(191) 6(199) 12(255) 14(263)
Cost 13226.20
DetCost 13225
Time 9.41
InDoor #1: 1(15) 3(69) 8(135) 5(164)
InDoor #2: 10(174) 0(221) 11(-1)
InDoor #3: 4(89) 2(100) 6(192) 9(208)
InDoor #4: 14(14) 7(42) 12(92) 13(144)
OuDoor #1: 10(133) 3(142) 4(183) 1(207)
OuDoor #2: 8(133) 7(174) 6(199) 5(260)
OuDoor #3: 13(116) 12(255) 14(263)
OuDoor #4: 9(87) 0(106) 2(113) 11(221)
Cost 13226.20
DetCost 13225
Time 30.76
InDoor #1: 7(42) 8(135) 13(144) 9(208)
InDoor #2: 14(14) 4(89) 5(164)
InDoor #3: 12(92) 10(174) 11(184) 6(192) 0(221)
InDoor #4: 1(15) 3(69) 2(100)
OuDoor #1: 10(124) 8(133) 3(140)
OuDoor #2: 13(116) 7(171) 4(183) 1(207) 11(221)
OuDoor #3: 0(106) 2(113) 6(199)
OuDoor #4: 9(87) 5(250) 12(255) 14(263)
Cost 13226.20
DetCost 13225
Time 61.78
InDoor #1: 7(42) 3(69) 2(100) 6(192)
InDoor #2: 4(89) 10(174) 9(208)
InDoor #3: 12(92) 8(135) 5(164) 0(221) 11(-1)
InDoor #4: 1(15) 14(23) 13(144)
OuDoor #1: 3(132) 10(141) 7(174)
OuDoor #2: 13(116) 6(199) 11(221) 5(260)
OuDoor #3: 9(87) 0(106) 2(113) 8(133) 4(183)
OuDoor #4: 1(207) 14(256) 12(264)
Cost 13226.20
DetCost 13225
Time 12.08
InDoor #1: 7(42) 4(89) 6(192)
InDoor #2: 14(14) 1(20) 3(69) 9(208)
InDoor #3: 2(100) 10(174) 11(184) 0(221)
InDoor #4: 12(92) 13(144) 8(154) 5(164)
OuDoor #1: 9(87) 13(116) 1(207) 5(260)
OuDoor #2: 10(133) 3(142) 14(256) 12(264)
OuDoor #3: 8(133) 6(199) 11(221)
OuDoor #4: 0(106) 2(113) 7(171) 4(183)
Cost 13226.20
DetCost 13225
Time 10.74
InDoor #1: 7(42) 13(144) 10(174)
InDoor #2: 12(92) 8(135) 6(192) 9(208)
InDoor #3: 3(69) 4(89) 2(100) 5(164) 11(175)
InDoor #4: 1(15) 14(23) 0(221)
OuDoor #1: 9(87) 6(199) 1(207)
OuDoor #2: 0(106) 2(113) 7(174) 12(264)
OuDoor #3: 13(116) 3(142) 4(183) 11(221)
OuDoor #4: 10(124) 8(133) 5(258) 14(263)
Cost 13226.20
DetCost 13225
Time 247.25
InDoor #1: 12(92) 8(135) 0(221)
InDoor #2: 10(174) 11(184) 6(192) 9(208)
InDoor #3: 7(42) 3(69) 4(89) 2(100) 13(144)
InDoor #4: 1(15) 14(23) 5(164)
OuDoor #1: 9(87) 0(106) 2(113) 11(221)
OuDoor #2: 3(142) 1(191) 6(199) 14(263)
OuDoor #3: 13(116) 10(123) 8(132)
OuDoor #4: 7(171) 4(183) 5(259) 12(264)
Cost 13226.20
DetCost 13225
Time 8.68
InDoor #1: 12(92) 8(135) 13(144) 0(221)
InDoor #2: 1(15) 3(69) 2(100)
InDoor #3: 14(14) 7(42) 10(174) 6(192) 9(208)
InDoor #4: 4(89) 5(164) 11(175)
OuDoor #1: 9(87) 0(106) 2(113) 11(221)
OuDoor #2: 10(141) 7(174) 12(264)
OuDoor #3: 8(133) 1(191) 6(199) 14(263)
OuDoor #4: 13(116) 3(142) 4(183) 5(260)
Cost 13226.20
DetCost 13225
Time 16.75
InDoor #1: 1(15) 2(100) 5(164) 6(192)
InDoor #2: 14(14) 7(42) 4(89)
InDoor #3: 3(69) 10(174) 11(184) 9(208) 0(221)
InDoor #4: 12(92) 13(144) 8(154)
OuDoor #1: 10(141) 7(171) 4(183)
OuDoor #2: 13(116) 11(221) 14(251) 5(259) 12(264)
OuDoor #3: 3(142) 1(191) 6(199)
OuDoor #4: 9(87) 0(106) 2(113) 8(133)
Cost 13226.20
DetCost 13225
Time 21.80
InDoor #1: 1(15) 8(135) 0(221)
InDoor #2: 3(69) 4(89) 13(144) 5(164) 11(175)
InDoor #3: 14(14) 7(42) 10(174) 9(208)
InDoor #4: 12(92) 2(100) 6(192)
OuDoor #1: 1(207) 5(251) 14(256) 12(264)
OuDoor #2: 13(116) 10(141) 4(183)
OuDoor #3: 8(133) 7(174) 6(199) 11(221)
OuDoor #4: 9(87) 0(106) 2(113) 3(142)
Cost 13226.20
DetCost 13225
Time 6.01
