InDoor #1: 15(13) 0(22) 10(33) 11(43) 24(52)
InDoor #2: 1(4) 25(13) 9(25) 4(32) 21(41) 13(49)
InDoor #3: 8(8) 17(18) 3(28) 19(37) 27(46)
InDoor #4: 7(6) 16(11) 18(19) 26(28) 20(39) 14(44)
InDoor #5: 2(5) 12(13) 22(19) 23(26) 6(36) 5(46)
OuDoor #1: 0(70) 15(77) 13(82) 16(92) 11(101)
OuDoor #2: 26(49) 2(57) 18(65) 27(74) 24(79)
OuDoor #3: 19(48) 5(56) 25(64) 17(74) 14(84) 9(93)
OuDoor #4: 22(51) 8(66) 6(76) 3(85) 20(94) 23(102)
OuDoor #5: 1(56) 4(70) 7(79) 10(86) 12(96) 21(105)
Cost 43142.12
DetCost 37656
Time 1783.67
InDoor #1: 1(4) 25(13) 0(22) 10(33) 14(43)
InDoor #2: 16(7) 17(18) 3(28) 19(37) 27(46)
InDoor #3: 7(6) 15(13) 9(25) 4(32) 21(41) 13(49)
InDoor #4: 8(8) 18(19) 26(28) 20(39) 11(44) 5(50)
InDoor #5: 2(5) 12(13) 22(19) 23(26) 6(36) 24(52)
OuDoor #1: 26(51) 8(66) 7(80) 10(87) 13(97)
OuDoor #2: 2(56) 25(64) 27(74) 24(79) 3(89)
OuDoor #3: 19(48) 5(56) 18(67) 17(76) 9(86) 12(96)
OuDoor #4: 22(51) 4(70) 6(76) 21(83) 23(89) 11(98)
OuDoor #5: 1(56) 0(70) 14(77) 20(86) 15(94) 16(99)
Cost 42938.70
DetCost 37153
Time 1790.64
InDoor #1: 1(4) 12(13) 22(19) 23(26) 6(36) 5(46)
InDoor #2: 18(19) 26(28) 20(39) 11(44) 24(52)
InDoor #3: 8(8) 17(18) 3(28) 21(38) 27(46)
InDoor #4: 7(6) 16(11) 15(19) 9(26) 4(32) 14(41) 13(48)
InDoor #5: 2(5) 25(13) 0(22) 10(33) 19(43)
OuDoor #1: 1(56) 18(67) 7(76) 13(83) 9(93)
OuDoor #2: 22(51) 0(70) 6(77) 12(84) 20(93)
OuDoor #3: 19(48) 5(56) 25(64) 27(74) 14(79) 3(88)
OuDoor #4: 26(51) 4(70) 17(76) 16(86) 21(95) 23(101)
OuDoor #5: 2(57) 8(66) 24(77) 15(87) 10(92) 11(102)
Cost 42911.21
DetCost 38282
Time 1297.12
InDoor #1: 8(8) 18(19) 0(28) 20(39) 14(44)
InDoor #2: 7(6) 17(18) 3(28) 6(36) 27(46)
InDoor #3: 16(7) 15(15) 9(25) 4(32) 21(41) 13(49)
InDoor #4: 1(4) 12(13) 22(19) 26(27) 19(37) 5(46)
InDoor #5: 2(5) 25(13) 23(22) 10(33) 11(43) 24(52)
OuDoor #1: 26(51) 4(70) 6(78) 11(85) 10(95)
OuDoor #2: 19(48) 1(56) 25(64) 27(74) 24(79) 3(89)
OuDoor #3: 5(56) 8(65) 17(75) 14(85) 13(94)
OuDoor #4: 2(57) 18(68) 7(77) 9(84) 23(94) 21(103)
OuDoor #5: 22(51) 0(70) 20(77) 15(85) 16(90) 12(99)
Cost 42899.23
DetCost 37553
Time 1728.05
InDoor #1: 8(8) 22(19) 26(27) 20(39) 11(44)
InDoor #2: 1(4) 17(18) 23(28) 6(36) 27(46)
InDoor #3: 2(5) 15(13) 12(20) 9(26) 4(32) 21(41) 13(49)
InDoor #4: 7(6) 25(13) 0(22) 10(33) 14(43) 24(52)
InDoor #5: 16(7) 18(19) 3(28) 19(37) 5(46)
OuDoor #1: 22(51) 18(68) 6(78) 12(85) 21(94) 11(100)
OuDoor #2: 1(56) 0(69) 17(76) 10(91) 23(101)
OuDoor #3: 5(56) 25(64) 27(74) 24(79) 20(89) 13(97)
OuDoor #4: 19(48) 2(57) 8(66) 14(76) 9(85) 16(95)
OuDoor #5: 26(51) 4(70) 7(78) 3(85) 15(94)
Cost 43024.55
DetCost 39139
Time 575.88
InDoor #1: 2(5) 22(19) 23(26) 6(36) 24(52)
InDoor #2: 8(8) 17(18) 26(28) 20(39) 11(44) 5(50)
InDoor #3: 1(4) 15(13) 0(22) 4(32) 21(41) 13(49)
InDoor #4: 7(6) 12(13) 18(19) 9(28) 19(37) 27(46)
InDoor #5: 16(7) 25(15) 3(25) 10(33) 14(43)
OuDoor #1: 1(56) 0(70) 7(78) 12(85) 20(94)
OuDoor #2: 22(51) 18(68) 6(77) 16(84) 9(93)
OuDoor #3: 5(56) 4(70) 17(76) 21(86) 10(92) 11(102)
OuDoor #4: 19(48) 2(56) 25(64) 27(74) 24(79) 3(89) 15(98)
OuDoor #5: 26(51) 8(66) 14(85) 13(94) 23(104)
Cost 42731.55
DetCost 37161
Time 1270.35
InDoor #1: 16(7) 17(18) 23(28) 6(36) 5(46)
InDoor #2: 8(8) 18(19) 26(28) 20(39) 14(44)
InDoor #3: 2(5) 15(13) 9(25) 4(32) 21(41) 13(49)
InDoor #4: 7(6) 12(13) 22(19) 3(26) 19(37) 27(46)
InDoor #5: 1(4) 25(13) 0(22) 10(33) 11(43) 24(52)
OuDoor #1: 1(56) 4(70) 6(77) 12(84) 9(93)
OuDoor #2: 22(51) 25(64) 17(76) 10(86) 16(96)
OuDoor #3: 19(48) 5(56) 8(64) 27(74) 20(82) 3(90)
OuDoor #4: 26(51) 18(67) 7(76) 14(83) 21(92) 13(98)
OuDoor #5: 2(57) 0(70) 24(78) 15(88) 23(93) 11(102)
Cost 42243.96
DetCost 37763
Time 1725.44
InDoor #1: 8(8) 18(19) 9(28) 6(36) 5(46)
InDoor #2: 1(4) 12(13) 23(21) 3(28) 19(37) 27(46)
InDoor #3: 2(5) 25(13) 0(22) 4(32) 21(41)
InDoor #4: 7(6) 15(13) 17(20) 10(33) 14(43) 13(49)
InDoor #5: 16(7) 22(19) 26(27) 20(39) 11(44) 24(52)
OuDoor #1: 2(57) 4(70) 7(78) 12(85) 20(94)
OuDoor #2: 26(51) 25(64) 6(74) 10(81) 9(91)
OuDoor #3: 19(48) 5(56) 8(65) 17(75) 14(85) 11(94)
OuDoor #4: 22(51) 18(65) 27(74) 24(79) 16(89) 23(101)
OuDoor #5: 1(56) 0(70) 3(77) 15(86) 21(91) 13(97)
Cost 44155.47
DetCost 38321
Time 1276.55
InDoor #1: 8(8) 17(18) 10(33) 14(43) 13(49)
InDoor #2: 15(13) 0(22) 3(29) 19(37) 27(46)
InDoor #3: 16(7) 25(15) 9(25) 4(32) 21(41) 24(52)
InDoor #4: 2(5) 7(13) 18(19) 23(28) 6(36) 5(46)
InDoor #5: 1(4) 12(13) 22(19) 26(27) 20(39) 11(44)
OuDoor #1: 26(51) 8(64) 27(74) 20(82) 3(90)
OuDoor #2: 19(48) 2(56) 25(64) 17(75) 14(85)
OuDoor #3: 5(56) 0(70) 24(78) 10(88) 23(98) 15(107)
OuDoor #4: 1(56) 18(68) 7(77) 13(84) 12(94) 21(103)
OuDoor #5: 22(51) 4(70) 6(76) 9(83) 16(93) 11(102)
Cost 43883.72
DetCost 37792
Time 1308.14
InDoor #1: 1(4) 12(13) 22(19) 23(26) 6(36) 14(46)
InDoor #2: 8(8) 17(18) 26(28) 20(39) 27(45)
InDoor #3: 7(6) 15(13) 0(22) 4(32) 21(41) 13(49)
InDoor #4: 2(5) 18(19) 9(28) 19(37) 5(46)
InDoor #5: 16(7) 25(15) 3(25) 10(33) 11(43) 24(52)
OuDoor #1: 1(56) 8(66) 6(76) 10(83) 9(93)
OuDoor #2: 22(51) 25(64) 17(76) 23(86) 12(95)
OuDoor #3: 5(56) 4(68) 27(74) 14(80) 16(89) 13(98)
OuDoor #4: 19(48) 2(57) 18(68) 24(77) 15(87) 20(92)
OuDoor #5: 26(51) 0(70) 7(77) 21(84) 3(90) 11(99)
Cost 42959.20
DetCost 37287
Time 1494.69
