InDoor #1: 18(3) 10(12) 1(22) 7(30) 19(37)
InDoor #2: 17(2) 11(12) 14(18) 4(24) 5(34)
InDoor #3: 2(5) 6(13) 13(24) 9(34) 8(40)
InDoor #4: 0(6) 3(13) 15(21) 16(28) 12(37)
OuDoor #1: 8(55) 18(62) 16(72) 2(82) 1(89)
OuDoor #2: 10(57) 3(65) 9(72) 13(80) 7(88)
OuDoor #3: 14(52) 12(59) 5(65) 19(74) 11(84)
OuDoor #4: 15(54) 4(61) 17(70) 6(80) 0(90)
Cost 5248.03
DetCost 2102
Time 451.96
InDoor #1: 18(3) 10(12) 15(22) 16(29) 12(37)
InDoor #2: 0(6) 3(13) 1(20) 7(28) 19(37)
InDoor #3: 17(2) 11(12) 14(18) 13(24) 5(34)
InDoor #4: 2(5) 6(13) 4(24) 9(33) 8(40)
OuDoor #1: 15(56) 3(63) 17(70) 6(80) 0(90)
OuDoor #2: 8(55) 18(62) 16(72) 2(82) 7(89)
OuDoor #3: 14(51) 10(58) 12(66) 9(72) 13(80) 1(88)
OuDoor #4: 4(56) 5(65) 19(74) 11(84)
Cost 6089.13
DetCost 2395
Time 38.21
InDoor #1: 18(3) 10(12) 4(24) 9(33) 8(40)
InDoor #2: 0(6) 11(13) 14(19) 15(25) 5(34)
InDoor #3: 17(2) 6(12) 7(22) 13(27) 12(37)
InDoor #4: 2(5) 3(13) 1(20) 16(28) 19(37)
OuDoor #1: 15(52) 14(59) 12(66) 9(72) 6(80) 0(90)
OuDoor #2: 8(54) 4(61) 17(70) 13(80)
OuDoor #3: 5(55) 18(64) 19(74) 11(84) 1(93)
OuDoor #4: 10(57) 3(65) 16(72) 2(82) 7(89)
Cost 6320.98
DetCost 3583
Time 117.53
InDoor #1: 0(6) 3(13) 15(21) 16(28) 12(37)
InDoor #2: 2(5) 6(13) 4(24) 9(33) 8(40)
InDoor #3: 17(2) 11(12) 14(18) 1(24) 5(34) 7(42)
InDoor #4: 18(3) 10(12) 13(24) 19(37)
OuDoor #1: 15(54) 4(61) 17(70) 6(80) 0(90)
OuDoor #2: 14(51) 12(58) 5(64) 3(73) 13(80)
OuDoor #3: 10(58) 9(66) 19(74) 11(84) 1(93)
OuDoor #4: 8(55) 18(62) 16(72) 2(82) 7(89)
Cost 5724.82
DetCost 1507
Time 416.83
InDoor #1: 2(5) 11(13) 14(19) 13(25) 12(37)
InDoor #2: 17(2) 10(12) 4(24) 5(34) 7(42)
InDoor #3: 18(3) 3(12) 1(20) 15(28) 19(37)
InDoor #4: 0(6) 6(13) 16(23) 9(33) 8(40)
OuDoor #1: 15(54) 4(61) 17(70) 6(80) 0(90)
OuDoor #2: 10(51) 3(59) 12(66) 16(72) 2(82)
OuDoor #3: 8(55) 18(62) 9(72) 13(80) 7(88) 1(96)
OuDoor #4: 14(58) 5(65) 19(74) 11(84)
Cost 5714.31
DetCost 1618
Time 72.62
InDoor #1: 18(3) 10(12) 15(22) 16(29) 12(37)
InDoor #2: 0(6) 3(13) 1(20) 7(28) 9(33) 8(40)
InDoor #3: 17(2) 11(12) 14(18) 4(24) 5(34)
InDoor #4: 2(5) 6(13) 13(24) 19(37)
OuDoor #1: 15(56) 17(63) 3(73) 6(80) 0(90)
OuDoor #2: 4(56) 5(65) 19(74) 11(84) 1(93)
OuDoor #3: 14(51) 10(58) 12(66) 9(72) 13(80)
OuDoor #4: 8(55) 18(62) 16(72) 2(82) 7(89)
Cost 5667.58
DetCost 1624
Time 83.37
InDoor #1: 17(2) 10(12) 15(22) 16(29) 12(37)
InDoor #2: 0(6) 6(13) 13(24) 9(34) 8(40)
InDoor #3: 18(3) 11(12) 14(18) 4(24) 5(34)
InDoor #4: 2(5) 3(13) 1(20) 7(28) 19(37)
OuDoor #1: 15(54) 4(61) 17(70) 6(80) 0(90)
OuDoor #2: 14(52) 12(59) 5(65) 19(74) 11(84)
OuDoor #3: 10(57) 3(65) 16(72) 2(82) 7(89) 1(97)
OuDoor #4: 8(55) 18(62) 9(72) 13(80)
Cost 5299.71
DetCost 2111
Time 144.27
InDoor #1: 0(6) 3(13) 1(20) 7(28) 9(33) 8(40)
InDoor #2: 18(3) 11(12) 14(18) 4(24) 5(34)
InDoor #3: 2(5) 6(13) 13(24) 19(37)
InDoor #4: 17(2) 10(12) 15(22) 16(29) 12(37)
OuDoor #1: 4(56) 5(65) 19(74) 11(84)
OuDoor #2: 14(51) 10(58) 12(66) 9(72) 13(80) 1(88)
OuDoor #3: 8(55) 3(62) 17(69) 6(79) 0(89)
OuDoor #4: 15(55) 18(62) 16(72) 2(82) 7(89)
Cost 6170.91
DetCost 2390
Time 57.16
InDoor #1: 2(5) 3(13) 15(21) 16(28) 12(37)
InDoor #2: 0(6) 6(13) 13(24) 9(34) 8(40)
InDoor #3: 18(3) 11(12) 14(18) 4(24) 5(34)
InDoor #4: 17(2) 10(12) 1(22) 7(30) 19(37)
OuDoor #1: 15(54) 4(61) 17(70) 6(80) 0(90)
OuDoor #2: 14(52) 12(59) 5(65) 19(74) 11(84)
OuDoor #3: 10(57) 3(65) 16(72) 2(82) 1(89)
OuDoor #4: 8(55) 18(62) 9(72) 13(80) 7(88)
Cost 5271.36
DetCost 2102
Time 1576.71
InDoor #1: 17(2) 11(12) 14(18) 15(24) 19(37)
InDoor #2: 0(6) 10(13) 4(24) 5(34) 7(42)
InDoor #3: 18(3) 6(12) 13(24) 9(34) 8(40)
InDoor #4: 2(5) 3(13) 1(20) 16(28) 12(37)
OuDoor #1: 8(55) 18(62) 16(72) 2(82) 7(89)
OuDoor #2: 10(57) 3(65) 9(72) 13(80) 1(88)
OuDoor #3: 14(52) 12(59) 5(65) 19(74) 11(84)
OuDoor #4: 15(54) 4(61) 17(70) 6(80) 0(90)
Cost 5567.27
DetCost 2470
Time 93.64
