InDoor #1: 11(10) 6(16) 9(26) 1(31) 8(39)
InDoor #2: 3(9) 7(16) 12(21) 0(27) 5(34) 2(42)
InDoor #3: 10(9) 14(19) 13(25) 4(35)
OuDoor #1: 7(45) 10(52) 8(61) 12(68) 5(76) 11(81)
OuDoor #2: 6(52) 4(60) 2(69) 14(79)
OuDoor #3: 3(46) 9(55) 13(64) 0(71) 1(78)
Cost 8378.27
DetCost 6512
Time 150.85
InDoor #1: 11(10) 9(16) 7(21) 13(26) 4(36)
InDoor #2: 3(9) 6(16) 0(26) 5(33) 2(41)
InDoor #3: 10(9) 12(19) 14(25) 1(31) 8(39)
OuDoor #1: 3(46) 9(55) 13(64) 0(71) 1(78)
OuDoor #2: 6(52) 4(60) 2(69) 11(79)
OuDoor #3: 7(45) 10(52) 8(61) 12(68) 5(76) 14(81)
Cost 8500.24
DetCost 6016
Time 56.87
InDoor #1: 3(9) 14(16) 12(22) 13(28) 8(38)
InDoor #2: 10(9) 9(19) 7(24) 0(29) 4(36)
InDoor #3: 11(10) 6(16) 5(26) 1(34) 2(42)
OuDoor #1: 7(45) 6(52) 4(60) 2(69) 11(79)
OuDoor #2: 3(46) 9(55) 13(64) 0(71) 1(78)
OuDoor #3: 10(52) 8(61) 12(68) 5(76) 14(81)
Cost 8278.86
DetCost 6181
Time 299.84
InDoor #1: 11(10) 6(16) 5(26) 1(34) 2(42)
InDoor #2: 10(9) 9(19) 7(24) 0(29) 4(36)
InDoor #3: 3(9) 14(16) 12(22) 13(28) 8(38)
OuDoor #1: 7(45) 10(52) 8(61) 12(68) 5(76) 11(81)
OuDoor #2: 3(46) 9(55) 13(64) 0(71) 1(78)
OuDoor #3: 6(52) 4(60) 2(69) 14(79)
Cost 8264.02
DetCost 6181
Time 13.93
InDoor #1: 3(9) 14(16) 12(22) 13(28) 8(38)
InDoor #2: 10(9) 9(19) 7(24) 0(29) 4(36)
InDoor #3: 11(10) 6(16) 5(26) 1(34) 2(42)
OuDoor #1: 7(45) 6(52) 4(60) 2(69) 14(79)
OuDoor #2: 3(46) 9(55) 13(64) 0(71) 1(78)
OuDoor #3: 10(52) 8(61) 12(68) 5(76) 11(81)
Cost 8278.86
DetCost 6181
Time 947.98
InDoor #1: 11(10) 9(16) 7(21) 13(26) 4(36)
InDoor #2: 3(9) 6(16) 0(26) 5(33) 2(41)
InDoor #3: 10(9) 12(19) 14(25) 1(31) 8(39)
OuDoor #1: 3(46) 9(55) 13(64) 0(71) 1(78)
OuDoor #2: 6(52) 4(60) 2(69) 14(79)
OuDoor #3: 7(45) 10(52) 8(61) 12(68) 5(76) 11(81)
Cost 8500.24
DetCost 6016
Time 235.67
InDoor #1: 3(9) 14(16) 12(22) 13(28) 8(38)
InDoor #2: 10(9) 9(19) 7(24) 0(29) 4(36)
InDoor #3: 11(10) 6(16) 5(26) 1(34) 2(42)
OuDoor #1: 7(45) 6(52) 4(60) 2(69) 14(79)
OuDoor #2: 3(46) 9(55) 13(64) 0(71) 1(78)
OuDoor #3: 10(52) 8(61) 12(68) 5(76) 11(81)
Cost 8278.86
DetCost 6181
Time 30.85
InDoor #1: 3(9) 14(16) 12(22) 13(28) 8(38)
InDoor #2: 10(9) 9(19) 7(24) 0(29) 4(36)
InDoor #3: 11(10) 6(16) 5(26) 1(34) 2(42)
OuDoor #1: 7(45) 6(52) 4(60) 2(69) 11(79)
OuDoor #2: 3(46) 9(55) 13(64) 0(71) 1(78)
OuDoor #3: 10(52) 8(61) 12(68) 5(76) 14(81)
Cost 8278.86
DetCost 6181
Time 611.77
InDoor #1: 11(10) 6(16) 5(26) 1(34) 2(42)
InDoor #2: 10(9) 9(19) 7(24) 0(29) 4(36)
InDoor #3: 3(9) 14(16) 12(22) 13(28) 8(38)
OuDoor #1: 7(45) 10(52) 8(61) 12(68) 5(76) 11(81)
OuDoor #2: 3(46) 9(55) 13(64) 0(71) 1(78)
OuDoor #3: 6(52) 4(60) 2(69) 14(79)
Cost 8264.02
DetCost 6181
Time 620.12
InDoor #1: 11(10) 6(16) 9(26) 1(31) 8(39)
InDoor #2: 3(9) 7(16) 14(21) 0(27) 5(34) 2(42)
InDoor #3: 10(9) 12(19) 13(25) 4(35)
OuDoor #1: 7(45) 10(52) 8(61) 12(68) 5(76) 11(81)
OuDoor #2: 6(52) 4(60) 2(69) 14(79)
OuDoor #3: 3(46) 9(55) 13(64) 0(71) 1(78)
Cost 8406.56
DetCost 6512
Time 4.28
