InDoor #1: 23(5) 64(14) 51(66) 87(75) 85(91) 39(111) 86(121) 89(130) 61(200)
InDoor #2: 59(9) 14(18) 60(47) 62(60) 49(67) 35(74) 66(82) 5(114) 55(124) 70(130) 79(171)
InDoor #3: 54(22) 73(43) 27(53) 77(61) 25(77) 78(90) 93(108) 19(117) 2(126) 83(146) 50(165) 92(178)
InDoor #4: 82(13) 43(24) 45(46) 29(56) 4(64) 65(74) 32(88) 33(104) 56(112) 17(122) 34(138) 94(145) 63(159) 3(169) 84(176)
InDoor #5: 44(24) 9(33) 10(49) 97(78) 96(88) 36(104) 91(119) 1(140) 22(148) 76(166) 68(173) 99(188)
InDoor #6: 80(32) 47(50) 52(89) 16(103) 12(117) 24(124) 7(142) 88(147) 74(173) 46(199)
InDoor #7: 81(33) 0(46) 98(53) 48(122) 41(130) 95(143) 20(151) 8(160) 31(197)
InDoor #8: 28(30) 90(41) 11(51) 75(57) 26(75) 6(92) 71(124) 58(138) 13(144) 37(167) 42(186)
InDoor #9: 30(19) 67(28) 69(49) 21(94) 53(121) 15(141) 57(195)
InDoor #10: 72(21) 18(43) 40(126) 38(193)
OuDoor #1: 96(93) 72(109) 74(128) 84(153) 42(202) 4(218) 61(243)
OuDoor #2: 16(74) 80(82) 56(95) 51(111) 60(133) 63(138) 45(148) 90(182) 77(201) 58(229) 7(234) 14(239) 59(245)
OuDoor #3: 34(70) 79(83) 10(109) 6(130) 66(136) 98(145) 78(184) 11(189)
OuDoor #4: 31(72) 69(82) 41(100) 71(127) 46(133) 86(140) 0(163) 47(185) 24(197) 95(202) 37(225) 39(234)
OuDoor #5: 93(71) 38(78) 81(96) 17(105) 22(115) 5(126) 68(137) 9(144) 13(158) 62(171) 64(184) 88(196) 70(209) 3(231)
OuDoor #6: 94(52) 53(74) 26(131) 65(144) 87(151) 20(161) 40(185) 52(193) 27(205) 29(223) 83(228)
OuDoor #7: 73(48) 49(65) 23(71) 25(103) 18(116) 28(124) 2(166) 19(171) 91(178) 85(188) 67(225)
OuDoor #8: 97(74) 1(112) 35(126) 44(152) 8(190) 75(206) 48(225) 43(242)
OuDoor #9: 33(60) 99(76) 89(150) 30(187) 21(202) 15(211) 92(223) 82(229) 76(236) 36(243)
OuDoor #10: 32(50) 54(60) 12(118) 50(181) 55(200) 57(217)
Cost 2238540.41
DetCost 2174213
Time 1736.92
InDoor #1: 44(24) 9(33) 65(74) 19(117) 46(199)
InDoor #2: 54(22) 80(32) 45(46) 4(64) 97(78) 39(111) 40(126) 50(165) 42(186)
InDoor #3: 75(49) 26(75) 85(91) 55(124) 41(130) 7(142) 3(169) 57(195)
InDoor #4: 73(43) 27(53) 96(88) 71(124) 70(132) 94(144) 37(167) 31(197)
InDoor #5: 23(5) 64(14) 43(24) 28(30) 18(43) 98(53) 77(60) 25(77) 78(90) 86(120) 2(125) 58(138) 20(151) 63(159) 68(173) 38(193)
InDoor #6: 59(9) 72(21) 81(33) 69(49) 29(55) 51(66) 32(88) 21(94) 16(103) 56(112) 48(122) 89(130) 15(141) 13(148) 79(171)
InDoor #7: 14(14) 67(28) 0(46) 11(53) 49(65) 35(74) 52(89) 93(108) 12(117) 24(124) 34(138) 22(147) 8(160) 74(173) 99(188) 61(200)
InDoor #8: 90(41) 47(51) 62(60) 66(82) 6(92) 36(104) 5(114) 17(122) 1(140) 88(148) 76(166) 92(178)
InDoor #9: 82(13) 60(47) 87(72) 33(104) 53(121) 83(146) 84(176)
InDoor #10: 30(19) 10(49) 91(119) 95(143)
OuDoor #1: 25(103) 83(223) 58(229)
OuDoor #2: 94(52) 34(70) 41(98) 17(105) 90(182) 42(202) 67(221) 39(226) 3(231)
OuDoor #3: 49(65) 16(74) 81(96) 72(109) 65(144) 89(150) 47(185) 15(211) 48(225) 59(235)
OuDoor #4: 31(72) 10(109) 66(136) 45(145) 44(152) 13(158) 50(181) 11(189) 21(202) 4(218)
OuDoor #5: 93(71) 69(82) 22(115) 6(130) 86(140) 84(153) 78(184) 8(190) 77(201) 57(217) 37(223) 29(229) 82(234)
OuDoor #6: 73(48) 54(60) 97(74) 80(82) 51(111) 12(118) 71(127) 46(132) 68(137) 87(151) 19(171) 64(181) 30(187) 88(195) 27(205) 61(226) 76(232) 36(239) 14(248)
OuDoor #7: 33(60) 53(74) 79(83) 56(95) 18(116) 28(124) 60(134) 9(144) 2(166) 62(171) 52(193) 24(205)
OuDoor #8: 32(54) 23(71) 38(78) 96(93) 1(112) 5(126) 98(145) 0(163) 91(182) 75(206) 92(232) 7(238) 43(243)
OuDoor #9: 99(76) 35(126) 26(131) 20(161) 40(186) 95(199) 70(209)
OuDoor #10: 74(128) 63(138) 85(188) 55(200)
Cost 2237967.27
DetCost 2173203
Time 481.71
InDoor #1: 14(14) 72(21) 66(82) 48(122) 34(138) 38(193)
InDoor #2: 59(9) 30(19) 28(30) 47(50) 49(65) 19(117) 40(126) 58(138) 83(146) 79(171) 42(186)
InDoor #3: 54(22) 81(33) 73(43) 52(89) 53(121) 41(131) 1(141) 20(151) 92(178) 57(195)
InDoor #4: 0(46) 27(53) 77(61) 26(75) 78(90) 91(119) 70(130) 15(141) 22(148) 3(169) 46(199)
InDoor #5: 23(5) 82(13) 67(28) 90(41) 75(51) 62(60) 97(78) 85(91) 33(104) 56(112) 71(124) 89(132) 7(142) 8(160) 84(176) 31(197)
InDoor #6: 80(32) 18(43) 10(52) 51(66) 25(77) 32(88) 21(94) 93(108) 12(117) 2(125) 94(144) 76(166)
InDoor #7: 44(24) 9(33) 69(49) 29(55) 4(64) 65(74) 96(88) 16(103) 86(120) 24(125) 95(143) 88(148) 63(159) 68(173)
InDoor #8: 64(14) 45(46) 98(56) 35(74) 6(92) 36(104) 5(114) 17(122) 50(165) 74(174) 99(188) 61(200)
InDoor #9: 43(24) 60(47) 87(72) 39(111) 55(124) 13(144) 37(167)
InDoor #10: 11(50)
OuDoor #1: 35(126) 55(200)
OuDoor #2: 93(71) 72(109) 89(150) 20(161) 42(202) 48(225) 92(231) 14(237) 36(243)
OuDoor #3: 73(48) 25(103) 44(152) 0(163) 8(190) 77(196) 24(205) 15(211) 67(225)
OuDoor #4: 32(54) 49(65) 99(74) 80(82) 81(96) 51(111) 98(145) 13(158) 90(178) 85(188) 21(202) 4(218)
OuDoor #5: 94(52) 54(60) 34(69) 16(74) 79(83) 22(115) 71(127) 46(133) 84(153) 19(171) 78(180) 47(185) 95(202) 58(220) 83(225) 39(231) 76(236) 61(243)
OuDoor #6: 33(60) 31(72) 41(100) 10(109) 28(124) 26(130) 68(137) 65(144) 87(151) 2(166) 62(171) 91(182) 88(196) 70(209) 57(217) 37(225) 3(231)
OuDoor #7: 97(74) 69(82) 56(95) 17(105) 12(118) 9(144) 40(186) 27(205) 82(236)
OuDoor #8: 53(74) 1(112) 5(124) 60(134) 86(140) 45(148) 50(181) 30(186) 52(193) 29(229)
OuDoor #9: 23(71) 38(78) 96(93) 18(116) 6(130) 63(138) 64(183) 11(189) 75(206) 43(237)
OuDoor #10: 74(128) 66(137) 7(240) 59(245)
Cost 2235818.57
DetCost 2167025
Time 1090.84
InDoor #1: 72(21) 67(30) 45(46) 87(72) 48(122) 41(130) 15(141) 31(197)
InDoor #2: 80(32) 69(49) 51(66) 35(75) 91(119) 89(130) 13(144) 3(169) 57(195)
InDoor #3: 43(24) 81(33) 10(49) 26(75) 2(125) 95(143) 20(151) 79(171) 46(199)
InDoor #4: 44(24) 28(33) 11(50) 52(89) 39(111) 86(121) 40(126) 34(138) 88(147) 8(160) 84(176) 61(200)
InDoor #5: 54(22) 9(33) 0(46) 98(53) 65(74) 56(112) 17(122) 1(140) 83(148) 63(159) 68(173) 38(193)
InDoor #6: 64(14) 30(20) 90(41) 47(51) 97(78) 96(88) 36(104) 5(114) 71(124) 58(138) 94(144) 37(167) 92(178) 99(188)
InDoor #7: 59(9) 18(43) 29(55) 25(77) 32(88) 6(94) 93(108) 19(117) 70(130) 7(142) 22(147) 50(165) 74(174) 42(186)
InDoor #8: 14(14) 75(49) 62(60) 78(90) 33(104) 12(117) 55(124)
InDoor #9: 73(43) 27(53) 4(64) 66(82) 21(94) 16(103) 24(124) 76(166)
InDoor #10: 23(5) 82(13) 60(47) 77(60) 49(69) 85(91) 53(121)
OuDoor #1: 94(52) 56(95) 45(148) 85(188) 42(202) 37(225) 82(231)
OuDoor #2: 32(54) 31(72) 96(93) 1(112) 66(137) 84(153) 2(166) 62(171) 8(190) 15(211) 67(223) 83(228)
OuDoor #3: 73(48) 33(60) 53(74) 89(150) 50(180) 47(185) 4(218) 59(235)
OuDoor #4: 23(71) 46(133) 98(145) 20(161) 19(171) 90(182) 95(202) 48(225)
OuDoor #5: 49(65) 99(75) 79(83) 81(96) 25(103) 35(126) 60(134) 9(144) 64(184) 88(195) 24(205) 57(217) 29(227) 92(232) 7(238) 61(243)
OuDoor #6: 54(60) 93(71) 38(78) 17(105) 18(116) 28(124) 6(130) 86(140) 44(152) 13(158) 0(163) 78(184) 11(189) 27(204) 70(209) 58(226) 3(231)
OuDoor #7: 97(74) 41(100) 10(109) 5(126) 68(137) 30(186) 52(193) 75(206)
OuDoor #8: 16(74) 22(115) 71(126) 26(131) 63(138) 87(151) 40(186) 21(202) 76(236) 36(243)
OuDoor #9: 34(70) 69(82) 51(111) 12(118) 65(144) 91(182) 55(200) 39(239)
OuDoor #10: 80(82) 72(109) 74(128) 77(201) 14(237) 43(243)
Cost 2236112.31
DetCost 2177873
Time 1095.86
InDoor #1: 82(13) 47(50) 62(60) 49(67) 6(92) 40(126) 94(144) 79(171)
InDoor #2: 59(9) 81(33) 10(49) 77(60) 78(90) 33(104) 5(114) 48(122) 89(130) 15(141) 20(151) 63(159) 3(169)
InDoor #3: 23(5) 64(14) 69(49) 29(55) 4(64) 66(82) 21(94) 93(108) 86(120) 41(130) 1(140) 22(148) 37(167) 38(193)
InDoor #4: 30(19) 9(33) 60(47) 51(66) 25(77) 32(88) 85(94) 36(104) 12(117) 55(124) 70(130) 88(147) 74(173) 42(186) 46(199)
InDoor #5: 44(24) 0(46) 11(53) 65(74) 96(88) 16(103) 19(117) 2(126) 58(138) 95(144) 8(160) 92(178)
InDoor #6: 43(24) 18(43) 27(53) 26(75) 56(112) 24(124) 13(144) 50(165) 84(176) 57(195)
InDoor #7: 72(21) 45(46) 35(74) 39(111) 17(122) 7(142) 76(166) 68(173)
InDoor #8: 67(28) 73(43) 97(78) 52(89) 71(124) 34(138) 99(188) 31(197)
InDoor #9: 80(32) 75(49) 91(119) 83(146) 61(200)
InDoor #10: 14(14) 54(22) 28(30) 90(41) 98(53) 87(72) 53(121)
OuDoor #1: 80(82) 18(116) 60(134) 64(184) 77(201) 76(236) 43(243)
OuDoor #2: 93(71) 79(83) 51(111) 12(118) 74(128) 66(137) 89(150) 62(171) 50(181) 11(189) 42(202)
OuDoor #3: 97(74) 69(82) 72(109) 5(126) 68(137) 84(153) 0(163) 19(171) 90(180) 8(190) 55(200) 48(222) 83(228)
OuDoor #4: 33(60) 23(71) 22(115) 71(127) 63(138) 45(148) 20(161) 47(184) 52(193) 24(205) 57(217) 58(226) 3(231)
OuDoor #5: 54(60) 16(74) 17(105) 28(124) 26(131) 86(140) 44(152) 13(158) 2(166) 30(187) 88(196) 67(225) 92(230) 7(236) 61(241)
OuDoor #6: 99(76) 81(96) 35(126) 46(133) 9(144) 78(184) 95(201) 15(211) 37(225)
OuDoor #7: 34(70) 38(78) 96(93) 41(100) 10(109) 6(130) 65(144) 87(151) 40(186) 27(205) 29(229)
OuDoor #8: 94(52) 31(72) 56(95) 1(112) 98(145) 85(188) 21(202) 39(229) 14(234) 82(240)
OuDoor #9: 73(46) 32(54) 49(65) 53(74) 25(103) 91(182) 75(206) 4(218)
OuDoor #10: 70(209) 59(236) 36(243)
Cost 2235865.97
DetCost 2174233
Time 1610.63
InDoor #1: 23(5) 82(13) 87(72) 91(119) 89(130) 94(144)
InDoor #2: 30(19) 60(47) 35(74) 19(117) 34(138) 83(146) 76(166) 46(199)
InDoor #3: 44(24) 73(43) 17(122) 1(140) 84(176) 38(193)
InDoor #4: 72(21) 18(43) 27(53) 51(66) 25(77) 32(88) 6(94) 56(112) 48(122) 70(130) 88(147) 50(165) 74(174) 99(188) 61(200)
InDoor #5: 28(30) 9(37) 45(46) 62(60) 26(75) 21(94) 16(103) 12(117) 24(124) 95(143) 22(148) 68(173) 42(186) 57(195)
InDoor #6: 54(22) 80(32) 10(49) 77(60) 97(78) 96(88) 93(108) 5(114) 86(122) 71(127) 58(138) 15(144) 20(151) 8(160) 3(169) 92(178) 31(197)
InDoor #7: 81(33) 69(49) 29(55) 49(65) 66(82) 85(92) 39(111) 2(125) 7(142) 37(167)
InDoor #8: 90(41) 11(51) 75(57) 65(74) 78(90) 36(104) 55(124) 40(129) 79(171)
InDoor #9: 59(9) 64(18) 43(24) 67(29) 0(46) 98(53) 4(64) 52(89) 33(104) 53(121) 41(131) 13(144) 63(159)
InDoor #10: 14(14) 47(50)
OuDoor #1: 63(138) 30(187) 48(225) 59(244)
OuDoor #2: 96(93) 9(144) 91(182) 75(206) 57(217) 58(223) 83(228)
OuDoor #3: 56(95) 6(130) 98(145) 40(186) 27(205) 67(225)
OuDoor #4: 34(70) 18(113) 12(118) 74(128) 68(137) 84(151) 20(161) 19(171) 78(184) 88(195) 24(205) 4(217) 37(225)
OuDoor #5: 54(60) 16(74) 80(82) 81(96) 10(109) 60(134) 65(144) 44(152) 13(158) 0(163) 52(192) 42(202) 15(211) 3(231)
OuDoor #6: 94(52) 31(72) 69(82) 41(98) 17(105) 22(114) 28(124) 26(131) 87(151) 2(166) 62(171) 11(189) 95(199) 70(209) 29(229) 43(234)
OuDoor #7: 73(48) 33(60) 53(74) 79(83) 72(109) 35(122) 71(127) 86(140) 89(150) 64(184) 8(190) 55(200) 36(238)
OuDoor #8: 23(69) 99(76) 25(102) 51(111) 46(133) 90(182) 21(202) 39(239)
OuDoor #9: 32(54) 49(65) 93(71) 38(78) 1(112) 5(126) 66(137) 45(148) 50(181) 85(188) 77(201) 82(230) 14(237) 61(243)
OuDoor #10: 97(74) 47(185) 76(235) 7(242) 92(247)
Cost 2239027.08
DetCost 2173623
Time 408.41
InDoor #1: 23(5) 14(14) 60(47) 51(66) 24(124) 94(144) 57(195)
InDoor #2: 64(14) 67(28) 10(49) 77(60) 6(92) 19(117) 58(138) 95(144) 74(173) 31(197)
InDoor #3: 82(13) 30(21) 28(30) 0(46) 27(53) 62(61) 87(72) 85(91) 91(119) 89(130) 13(144) 50(165) 84(176) 46(199)
InDoor #4: 54(22) 11(50) 29(56) 49(65) 35(74) 78(90) 39(111) 53(121) 15(141) 68(173) 38(193)
InDoor #5: 9(33) 18(43) 98(53) 97(78) 21(94) 36(104) 86(120) 2(125) 34(138) 83(146) 20(151) 37(167) 92(178) 99(188) 61(200)
InDoor #6: 73(43) 47(53) 25(77) 32(88) 33(104) 12(117) 17(123) 88(147) 8(160) 3(169) 42(186)
InDoor #7: 72(21) 80(32) 75(49) 65(74) 96(88) 93(108) 71(124) 22(147) 76(166) 79(173)
InDoor #8: 59(9) 43(24) 90(41) 45(51) 4(64) 26(75) 16(103) 56(112) 40(126) 1(140) 63(159)
InDoor #9: 44(24) 69(49) 66(82) 5(114) 48(122) 41(130) 7(142)
InDoor #10: 81(33) 52(89) 55(124) 70(130)
OuDoor #1: 31(72) 86(140) 20(161) 91(182) 21(202) 15(211) 67(223) 83(228)
OuDoor #2: 23(71) 80(82) 1(112) 84(153) 40(186) 95(202) 4(217) 37(225)
OuDoor #3: 32(54) 16(74) 69(82) 96(93) 25(103) 18(116) 44(152) 88(196) 57(217)
OuDoor #4: 53(74) 79(83) 51(111) 12(118) 46(132) 66(137) 2(166) 19(171) 11(189) 27(205) 58(220) 48(225) 3(231) 14(239) 59(245)
OuDoor #5: 73(48) 93(71) 38(78) 56(95) 10(109) 35(126) 26(131) 98(145) 62(171) 85(188) 24(205) 29(226) 43(231) 39(239)
OuDoor #6: 94(52) 97(74) 41(100) 22(115) 5(126) 68(137) 9(144) 0(163) 47(185) 75(206) 36(234)
OuDoor #7: 49(65) 99(76) 17(105) 28(124) 6(130) 65(143) 45(148) 64(184) 8(190) 42(200) 70(209)
OuDoor #8: 54(60) 34(70) 81(96) 71(127) 60(134) 13(158) 50(179) 78(184) 55(200) 76(235) 7(242) 92(247)
OuDoor #9: 33(60) 74(128) 87(151) 90(182) 52(193) 61(242)
OuDoor #10: 72(109) 63(138) 89(150) 30(187) 77(201) 82(240)
Cost 2240505.71
DetCost 2177267
Time 192.89
InDoor #1: 45(46) 87(72) 71(124) 94(144) 8(160)
InDoor #2: 59(9) 64(18) 23(24) 11(50) 35(74) 36(104) 24(124) 1(140) 63(159) 3(169) 57(195)
InDoor #3: 67(28) 47(50) 51(66) 6(92) 93(108) 89(130) 83(146) 20(151) 50(165) 92(178)
InDoor #4: 30(19) 28(30) 73(43) 98(53) 4(64) 25(77) 96(88) 16(103) 56(112) 48(122) 58(138) 95(144) 13(149) 74(173) 42(186) 61(200)
InDoor #5: 14(14) 72(21) 81(33) 75(49) 29(55) 49(65) 97(78) 32(88) 21(94) 12(117) 2(125) 88(147) 76(166) 68(173)
InDoor #6: 44(24) 90(41) 27(53) 26(75) 85(91) 33(104) 19(117) 40(126) 15(141) 37(167) 84(177) 99(188)
InDoor #7: 0(46) 69(53) 77(60) 65(74) 78(90) 5(114) 55(124) 70(130) 7(142) 22(147) 79(171) 31(197)
InDoor #8: 54(22) 9(33) 10(49) 52(89) 39(111) 86(121) 17(126) 34(138) 46(199)
InDoor #9: 82(13) 80(32) 60(47) 62(60) 66(82) 91(119) 41(130)
InDoor #10: 43(24) 18(43) 53(121) 38(193)
OuDoor #1: 26(131) 90(180) 8(190) 55(200) 4(218) 61(243)
OuDoor #2: 16(74) 96(93) 18(116) 5(126) 9(144) 50(178) 64(183) 11(189) 15(211) 43(236)
OuDoor #3: 53(74) 56(95) 1(112) 28(124) 6(130) 44(152) 20(161) 19(171) 78(184) 95(202) 36(238)
OuDoor #4: 32(54) 93(71) 69(82) 25(103) 12(118) 71(127) 46(132) 68(137) 84(153) 0(163) 52(192) 42(202) 57(217)
OuDoor #5: 73(48) 49(65) 97(72) 38(78) 41(100) 10(109) 35(126) 60(134) 2(166) 91(175) 47(185) 88(195) 27(205) 39(226) 3(231)
OuDoor #6: 54(60) 34(70) 99(76) 81(96) 22(115) 74(128) 86(140) 89(150) 62(171) 40(186) 21(196) 24(205)
OuDoor #7: 33(60) 31(72) 80(82) 17(105) 51(111) 63(138) 45(148) 30(187) 70(209) 37(225) 76(231) 7(238) 59(243)
OuDoor #8: 94(52) 23(71) 79(83) 72(109) 98(145) 13(158) 85(188) 67(223) 83(228)
OuDoor #9: 65(144) 87(151) 75(206) 29(223) 92(228) 14(234) 82(240)
OuDoor #10: 66(137) 77(201) 48(223) 58(229)
Cost 2234672.95
DetCost 2176687
Time 365.13
InDoor #1: 23(5) 51(66) 91(119)
InDoor #2: 30(19) 10(49) 49(65) 87(72) 2(125) 42(186)
InDoor #3: 14(14) 67(28) 45(46) 98(56) 35(74) 36(104) 48(122) 89(130) 88(147) 99(188) 31(197)
InDoor #4: 69(49) 29(55) 25(77) 52(89) 33(104) 19(117) 40(126) 58(138) 95(144) 20(151) 79(171) 57(195)
InDoor #5: 59(9) 81(33) 0(46) 11(53) 77(60) 4(69) 66(82) 85(92) 93(108) 5(114) 55(124) 41(130) 1(140) 13(148) 63(159) 74(173)
InDoor #6: 54(22) 28(30) 60(47) 62(60) 26(75) 78(90) 16(103) 56(112) 86(121) 71(126) 15(141) 22(148) 76(166) 92(178) 46(199)
InDoor #7: 72(21) 90(41) 27(53) 97(78) 32(88) 21(94) 12(117) 24(124) 94(144) 50(165) 84(176) 38(193)
InDoor #8: 43(24) 9(33) 75(49) 65(74) 6(92) 39(111) 17(122) 34(138) 83(146) 8(160) 3(169) 61(200)
InDoor #9: 44(24) 73(43) 47(53) 96(88) 70(130) 7(142) 37(167)
InDoor #10: 82(13) 64(21) 80(32) 18(43) 53(121) 68(173)
OuDoor #1: 50(181) 42(202) 92(230) 76(236) 36(243)
OuDoor #2: 31(72) 96(93) 35(126) 45(148) 30(187) 77(197) 75(206) 58(229)
OuDoor #3: 53(74) 56(95) 26(131) 98(145) 27(205) 4(218)
OuDoor #4: 32(54) 97(74) 80(82) 72(109) 5(126) 65(144) 84(153) 2(166) 19(171) 64(184) 55(200) 15(211) 67(223) 83(228)
OuDoor #5: 73(48) 23(71) 79(83) 25(103) 28(124) 60(133) 63(138) 44(152) 20(161) 47(185) 70(209) 82(225) 7(232) 43(237) 59(245)
OuDoor #6: 33(60) 16(74) 69(82) 81(96) 17(105) 51(111) 12(118) 71(127) 46(132) 68(137) 89(150) 90(182) 95(202) 57(217) 37(225) 3(231)
OuDoor #7: 54(60) 34(70) 99(76) 41(100) 10(109) 74(128) 66(135) 9(144) 13(158) 0(163) 40(185) 52(193) 24(205) 29(229)
OuDoor #8: 49(65) 93(71) 38(78) 22(115) 6(130) 86(140) 87(151) 62(171) 91(180) 8(190) 88(196) 48(225)
OuDoor #9: 18(116) 78(184) 11(189) 61(239)
OuDoor #10: 94(52) 1(112) 85(188) 21(202) 14(233) 39(239)
Cost 2230299.83
DetCost 2164127
Time 211.30
InDoor #1: 59(9) 64(18) 9(33) 87(72) 41(130) 57(195)
InDoor #2: 35(74) 85(91) 39(111) 48(122) 89(130) 79(171) 38(193)
InDoor #3: 80(32) 47(50) 25(77) 32(88) 6(94) 86(120) 55(125) 70(130) 1(140) 20(151) 46(199)
InDoor #4: 82(13) 54(22) 43(30) 0(46) 69(53) 51(66) 21(94) 16(103) 19(117) 2(126) 7(142) 88(147) 63(159) 68(173) 31(197)
InDoor #5: 44(24) 73(43) 27(53) 96(88) 5(114) 17(122) 22(147) 50(165) 61(200)
InDoor #6: 23(5) 72(21) 28(30) 90(41) 10(51) 66(82) 12(117) 71(124) 15(141) 13(148) 37(167) 84(177) 42(186)
InDoor #7: 14(14) 81(33) 75(49) 29(55) 4(64) 65(74) 78(90) 56(112) 24(124) 95(143) 94(148) 8(160) 3(169) 92(178) 99(188)
InDoor #8: 18(43) 11(52) 77(60) 97(78) 36(104) 91(119) 34(138) 83(146) 76(166) 74(173)
InDoor #9: 30(19) 45(46) 98(56) 62(61) 49(68) 26(75) 93(108) 40(126) 58(138)
InDoor #10: 67(28) 60(47) 52(89) 33(104) 53(121)
OuDoor #1: 96(93) 15(211) 48(223) 58(229)
OuDoor #2: 94(52) 18(116) 71(127) 66(137) 84(153) 75(206) 37(225)
OuDoor #3: 93(71) 56(95) 51(111) 63(138) 45(148) 62(171) 50(181) 21(202) 57(217) 83(226)
OuDoor #4: 23(71) 10(108) 12(118) 86(140) 44(152) 0(163) 90(178) 85(188) 55(200) 67(220) 29(225) 92(230) 76(236) 61(243)
OuDoor #5: 33(60) 34(70) 99(76) 17(105) 22(115) 74(128) 68(137) 9(144) 13(158) 19(171) 78(184) 11(189) 88(196) 70(209) 4(218) 39(226) 3(231)
OuDoor #6: 54(60) 53(74) 25(103) 6(128) 60(134) 98(145) 2(166) 64(184) 8(190) 42(202) 43(234) 36(242)
OuDoor #7: 73(48) 49(65) 31(72) 69(82) 72(109) 26(131) 65(144) 87(151) 47(185) 77(196) 24(205) 7(242)
OuDoor #8: 32(54) 97(74) 79(83) 41(100) 1(112) 35(126) 46(133) 20(161) 91(182) 52(193) 27(205) 14(239) 59(245)
OuDoor #9: 16(74) 80(82) 81(96) 5(126) 89(150) 40(186) 95(202) 82(239)
OuDoor #10: 38(78) 28(124) 30(187)
Cost 2230859.62
DetCost 2170051
Time 1376.00
