InDoor #1: 20(1) 8(10) 5(19) 12(27) 24(33) 1(42) 22(50) 6(57)
InDoor #2: 23(5) 14(14) 3(20) 2(27) 9(35) 7(42) 18(47) 11(56) 10(62)
InDoor #3: 16(3) 4(14) 19(23) 17(32) 15(42) 0(49) 21(56) 13(64)
OuDoor #1: 4(45) 11(53) 18(63) 21(68) 9(77) 14(84) 10(94) 13(101)
OuDoor #2: 16(40) 15(50) 2(59) 0(67) 17(76) 3(85) 24(92) 6(98) 23(107)
OuDoor #3: 12(43) 5(53) 8(61) 19(69) 20(78) 22(88) 1(96) 7(106)
Cost 82328.80
DetCost 75534
Time 919.45
InDoor #1: 16(3) 5(14) 12(22) 2(28) 9(36) 7(42) 21(47) 22(55) 10(62)
InDoor #2: 20(1) 8(10) 14(19) 3(25) 17(32) 15(42) 0(49) 11(56) 13(62)
InDoor #3: 23(5) 4(14) 19(23) 24(32) 1(41) 18(49) 6(58)
OuDoor #1: 4(44) 21(52) 19(61) 0(70) 20(79) 3(89) 1(96) 7(106)
OuDoor #2: 16(41) 5(51) 8(59) 2(67) 15(75) 22(84) 24(92) 6(98) 23(107)
OuDoor #3: 12(43) 11(53) 18(63) 17(68) 9(77) 14(84) 10(94) 13(101)
Cost 82703.58
DetCost 75814
Time 415.08
InDoor #1: 16(3) 5(14) 12(22) 2(28) 9(36) 15(41) 22(48) 21(55) 6(63)
InDoor #2: 23(5) 4(14) 19(23) 24(32) 1(41) 7(49) 11(54) 10(60)
InDoor #3: 20(1) 8(10) 14(19) 3(25) 17(32) 18(43) 0(52) 13(59)
OuDoor #1: 4(40) 11(48) 8(58) 21(66) 9(75) 10(82) 3(89) 1(96) 7(106)
OuDoor #2: 12(45) 19(55) 0(64) 15(73) 14(82) 24(92) 6(98) 23(107)
OuDoor #3: 16(43) 5(53) 18(61) 17(66) 2(75) 20(83) 22(93) 13(101)
Cost 82746.92
DetCost 74215
Time 1509.05
InDoor #1: 23(5) 4(14) 19(23) 17(32) 7(42) 0(47) 11(54) 10(60)
InDoor #2: 16(3) 14(14) 3(20) 2(27) 9(35) 15(41) 18(48) 13(57)
InDoor #3: 20(1) 8(10) 5(19) 12(27) 24(33) 1(42) 22(50) 21(57) 6(65)
OuDoor #1: 12(44) 21(54) 19(63) 15(72) 14(81) 1(91) 24(101) 23(107)
OuDoor #2: 16(41) 4(51) 8(59) 17(67) 9(76) 20(83) 22(93) 13(101)
OuDoor #3: 5(43) 11(51) 18(61) 0(66) 2(75) 10(83) 3(90) 6(97) 7(106)
Cost 82489.59
DetCost 73626
Time 1182.28
InDoor #1: 23(5) 5(14) 19(22) 17(31) 1(41) 22(49) 13(56)
InDoor #2: 16(3) 4(14) 12(23) 2(29) 9(37) 7(42) 21(47) 11(55) 6(61)
InDoor #3: 20(1) 8(10) 14(19) 3(25) 24(32) 15(41) 0(48) 18(55) 10(64)
OuDoor #1: 11(42) 5(52) 19(60) 21(69) 20(78) 22(88) 1(96) 7(106)
OuDoor #2: 4(45) 15(53) 18(62) 0(67) 17(76) 14(85) 24(95) 13(101)
OuDoor #3: 16(41) 12(51) 8(61) 2(69) 9(77) 10(84) 3(91) 6(98) 23(107)
Cost 82573.10
DetCost 75670
Time 1234.49
InDoor #1: 20(1) 8(10) 12(19) 17(25) 2(35) 7(43) 22(48) 21(55) 6(63)
InDoor #2: 23(5) 4(14) 3(23) 19(30) 1(40) 18(48) 13(57)
InDoor #3: 16(3) 14(14) 5(20) 24(28) 9(37) 15(42) 0(49) 11(56) 10(62)
OuDoor #1: 8(43) 5(51) 19(59) 21(68) 9(77) 10(84) 3(91) 6(98) 23(107)
OuDoor #2: 4(43) 12(51) 18(61) 17(66) 2(75) 20(83) 22(93) 13(101)
OuDoor #3: 11(42) 16(52) 0(62) 15(71) 14(80) 1(90) 24(100) 7(106)
Cost 82455.85
DetCost 75014
Time 985.11
InDoor #1: 16(3) 5(14) 14(22) 24(28) 9(37) 7(42) 18(47) 13(56)
InDoor #2: 23(5) 4(14) 3(23) 17(30) 1(40) 22(48) 11(55) 10(61)
InDoor #3: 20(1) 8(10) 12(19) 19(25) 2(34) 15(42) 0(49) 21(56) 6(64)
OuDoor #1: 5(40) 16(48) 8(58) 17(66) 15(75) 10(84) 1(91) 13(101)
OuDoor #2: 4(44) 12(52) 18(62) 21(67) 9(76) 20(83) 24(93) 22(99) 23(107)
OuDoor #3: 11(44) 19(54) 0(63) 2(72) 14(80) 3(90) 6(97) 7(106)
Cost 82418.46
DetCost 75739
Time 1252.93
InDoor #1: 23(5) 5(14) 14(22) 17(28) 9(38) 7(43) 22(48) 21(55) 6(63)
InDoor #2: 20(1) 8(10) 12(19) 3(25) 2(32) 1(40) 18(48) 13(57)
InDoor #3: 16(3) 4(14) 19(23) 24(32) 15(41) 0(48) 11(55) 10(61)
OuDoor #1: 4(42) 8(50) 19(58) 21(67) 9(76) 10(83) 3(90) 1(97) 23(107)
OuDoor #2: 16(43) 5(53) 18(61) 17(66) 2(75) 20(83) 22(93) 13(101)
OuDoor #3: 11(43) 12(53) 0(63) 15(72) 14(81) 24(91) 6(97) 7(106)
Cost 82617.10
DetCost 75496
Time 1622.02
InDoor #1: 23(5) 5(14) 12(22) 2(28) 9(36) 7(42) 18(47) 10(56)
InDoor #2: 16(3) 4(14) 3(23) 24(30) 1(40) 22(48) 0(55) 13(62)
InDoor #3: 20(1) 8(10) 14(19) 19(25) 17(34) 15(44) 11(51) 21(57) 6(65)
OuDoor #1: 5(42) 4(50) 8(58) 17(66) 2(75) 14(83) 24(93) 22(99) 23(107)
OuDoor #2: 16(41) 11(51) 18(61) 21(66) 15(75) 10(84) 1(91) 13(101)
OuDoor #3: 12(45) 19(55) 0(64) 9(73) 20(80) 3(90) 6(97) 7(106)
Cost 82694.67
DetCost 75709
Time 260.75
InDoor #1: 16(3) 5(14) 12(22) 2(28) 9(36) 15(41) 18(48) 6(57)
InDoor #2: 20(1) 8(10) 14(19) 19(25) 24(34) 7(43) 21(48) 13(56) 11(66)
InDoor #3: 23(5) 4(14) 3(23) 17(30) 1(40) 22(48) 0(55) 10(62)
OuDoor #1: 5(43) 15(51) 8(60) 2(68) 9(76) 20(83) 24(93) 22(99) 23(107)
OuDoor #2: 4(44) 11(52) 18(62) 0(67) 17(76) 10(85) 6(92) 13(101)
OuDoor #3: 16(41) 12(51) 19(61) 21(70) 14(79) 3(89) 1(96) 7(106)
Cost 82621.18
DetCost 74704
Time 1219.67
