InDoor #1: 81(33) 75(49) 24(124) 42(186) 31(197)
InDoor #2: 90(41) 98(53) 45(58) 53(121) 70(131) 38(193)
InDoor #3: 30(19) 9(33) 73(43) 11(53) 71(124) 46(199)
InDoor #4: 10(49) 19(117) 2(126) 34(138) 61(200) 66(282)
InDoor #5: 52(89) 91(119) 40(129) 64(214) 0(246) 27(253) 62(261)
InDoor #6: 80(32) 51(66) 25(77) 78(90) 17(122) 22(147) 47(250) 65(274)
InDoor #7: 28(30) 26(75) 32(88) 16(103) 86(120) 72(221) 69(249) 29(255) 77(263)
InDoor #8: 96(88) 33(104) 95(143) 8(160) 99(188) 18(243) 85(291) 48(322)
InDoor #9: 59(9) 87(72) 97(79) 56(112) 1(140) 35(274) 21(294) 93(308) 12(317) 68(373)
InDoor #10: 14(14) 4(64) 6(92) 15(141) 84(176) 39(311)
InDoor #11: 49(65) 36(104) 58(138) 3(169) 67(228) 89(330) 63(359)
InDoor #12: 54(222) 55(324) 41(330) 88(347) 92(378)
InDoor #13: 5(314) 7(342) 94(347) 76(366) 74(373)
InDoor #14: 82(213) 44(224) 13(344) 50(365) 79(374) 57(395)
InDoor #15: 23(5) 43(24) 60(47) 83(346) 20(351) 37(367)
OuDoor #1: 19(81) 82(206) 92(217) 65(291) 74(438)
OuDoor #2: 45(61) 35(150) 22(170) 62(220)
OuDoor #3: 67(63) 61(115) 83(149) 39(155) 72(185) 96(217) 80(446)
OuDoor #4: 47(114) 78(150) 32(172) 97(236) 84(284) 29(305)
OuDoor #5: 50(107) 0(115) 68(224) 24(271) 58(442)
OuDoor #6: 46(97) 77(108) 94(119) 15(166) 49(287) 66(384) 53(417) 64(426)
OuDoor #7: 25(46) 81(94) 98(114) 69(167) 99(181) 86(238) 51(271) 52(283)
OuDoor #8: 27(108) 93(115) 21(134) 28(165) 85(179) 59(197) 70(261) 2(271) 73(310)
OuDoor #9: 38(88) 60(110) 26(115) 12(131) 89(161) 42(183) 90(291) 23(322)
OuDoor #10: 6(115) 41(130) 3(192) 75(397) 20(405)
OuDoor #11: 76(121) 95(165) 30(181) 87(188) 17(196) 71(202) 14(238) 88(252) 79(345) 54(419)
OuDoor #12: 36(349) 56(377) 7(395) 44(404) 48(409) 9(415) 55(425)
OuDoor #13: 31(178) 34(328) 63(359) 11(369) 13(386) 8(396) 16(401)
OuDoor #14: 18(189) 91(250) 43(363) 57(394) 37(413)
OuDoor #15: 4(365) 40(373) 33(386) 1(396) 10(405) 5(422)
Cost 2533596.69
DetCost 2494012
Time 1576.84
InDoor #1: 43(24) 81(33) 75(49)
InDoor #2: 80(32) 84(176) 69(249) 83(346) 20(351)
InDoor #3: 64(214) 54(222) 47(250) 89(330) 13(344)
InDoor #4: 90(41) 27(253) 55(324) 88(347) 50(365)
InDoor #5: 28(30) 73(43) 3(169) 44(224) 94(344) 63(359) 76(368) 68(375)
InDoor #6: 9(33) 98(53) 11(58) 91(119) 15(141) 22(148) 67(228) 35(274) 41(330) 74(373)
InDoor #7: 72(221) 62(260) 93(308) 7(342) 37(367) 92(378)
InDoor #8: 51(66) 32(88) 58(138) 95(144) 77(260) 12(317) 79(371) 57(395)
InDoor #9: 49(65) 6(92) 40(126) 1(140) 8(160) 46(199) 66(282)
InDoor #10: 87(72) 97(79) 78(90) 33(104) 71(124) 70(132) 0(246) 29(255) 65(274) 5(314) 48(322)
InDoor #11: 10(49) 4(64) 25(77) 96(88) 17(122) 18(243) 39(311)
InDoor #12: 14(14) 52(89) 16(103) 19(117) 2(126) 38(193) 82(213)
InDoor #13: 59(9) 56(112) 86(121) 24(126) 34(138) 42(186) 31(197)
InDoor #14: 30(19) 45(46) 26(75) 36(104) 99(188) 61(200) 21(294)
InDoor #15: 23(5) 60(47) 53(121) 85(291)
OuDoor #1: 4(366) 48(414)
OuDoor #2: 85(179) 3(192) 66(384)
OuDoor #3: 59(197) 91(250) 51(271) 43(363) 13(386)
OuDoor #4: 45(61) 95(165) 17(197) 88(252) 24(271) 11(366) 40(373) 33(386) 10(404)
OuDoor #5: 67(63) 76(121) 32(172) 72(185) 82(206) 97(236)
OuDoor #6: 90(291) 36(349) 63(359) 56(377) 8(393) 1(398) 5(425)
OuDoor #7: 93(115) 89(161) 69(167) 30(182) 86(238) 49(287) 7(395) 9(415)
OuDoor #8: 26(115) 39(155) 28(165) 31(178) 18(189) 52(283) 79(345) 57(394) 16(401)
OuDoor #9: 0(115) 99(181) 14(238) 29(305) 75(398) 37(413) 54(419) 55(425)
OuDoor #10: 38(88) 60(110) 6(115) 78(150) 42(183) 68(224) 34(328) 44(404)
OuDoor #11: 25(46) 19(81) 46(97) 50(107) 98(114) 70(261) 2(271) 65(291) 23(322) 20(405)
OuDoor #12: 27(108) 61(115) 41(130) 83(150) 87(188) 96(217) 84(284)
OuDoor #13: 77(108) 94(119) 12(131) 35(150) 15(166) 71(202) 92(217)
OuDoor #14: 81(94) 47(114) 21(134) 22(170) 62(220) 58(432) 80(437)
OuDoor #15: 73(310) 64(424) 53(430) 74(439)
Cost 2533246.09
DetCost 2497365
Time 1371.00
InDoor #1: 59(9) 60(47) 52(89) 66(282)
InDoor #2: 81(33) 96(88) 2(125) 21(294)
InDoor #3: 6(92) 46(199) 85(291) 39(311)
InDoor #4: 25(77) 32(88) 15(141) 38(193)
InDoor #5: 28(30) 87(72) 97(79) 78(90) 33(104) 56(112) 17(122) 58(138) 42(186) 82(213)
InDoor #6: 80(32) 49(65) 26(75) 19(117) 1(140) 62(260) 93(308) 7(342) 74(373)
InDoor #7: 90(41) 98(53) 4(64) 16(103) 86(120) 40(126) 22(147) 64(214) 13(344) 50(365)
InDoor #8: 73(43) 51(66) 36(104) 91(119) 95(143) 0(246) 65(274) 55(324) 41(330) 88(347) 37(367)
InDoor #9: 75(49) 8(160) 31(197) 44(224) 89(330) 83(346) 63(359) 79(371) 57(395)
InDoor #10: 9(33) 11(50) 71(124) 61(200) 77(260) 35(274) 94(344) 92(378)
InDoor #11: 30(19) 43(27) 45(46) 84(176) 72(221) 12(317) 76(366)
InDoor #12: 10(49) 70(130) 99(188) 18(243) 29(255) 5(314) 20(351)
InDoor #13: 14(14) 24(124) 34(138) 3(169) 69(249) 68(373)
InDoor #14: 23(5) 53(121) 54(222) 27(253) 48(322)
InDoor #15: 67(228) 47(250)
OuDoor #1: 27(108) 61(113) 94(119) 22(168) 31(178) 68(224)
OuDoor #2: 50(107) 47(114) 97(236) 29(305) 23(322)
OuDoor #3: 60(110) 6(115) 78(150) 96(217) 73(310) 58(432) 80(437)
OuDoor #4: 46(97) 26(108) 0(115) 95(162) 32(172) 65(291) 34(328) 10(404) 48(414)
OuDoor #5: 25(46) 38(88) 77(106) 93(115) 21(134) 89(161) 66(384)
OuDoor #6: 81(94) 98(114) 41(130) 69(167) 4(366) 54(419)
OuDoor #7: 45(61) 12(131) 28(161) 15(166) 63(359) 13(386) 8(396) 16(401)
OuDoor #8: 67(63) 19(81) 76(121) 85(171) 99(181) 62(220) 84(284) 36(349) 11(369) 33(386) 57(394) 44(400) 20(405) 37(413) 55(422)
OuDoor #9: 42(183) 92(217) 43(363) 1(398) 9(415)
OuDoor #10: 49(285) 90(291) 79(345) 40(369) 56(377) 7(393) 75(398)
OuDoor #11: 83(150) 3(192) 2(271) 52(283)
OuDoor #12: 35(150) 39(155) 30(181) 87(188) 86(238) 88(251) 70(261)
OuDoor #13: 72(185) 59(197) 82(206) 14(238)
OuDoor #14: 91(250) 24(271) 53(419) 5(428)
OuDoor #15: 18(189) 17(196) 71(202) 51(271) 74(419) 64(426)
Cost 2532570.41
DetCost 2495154
Time 891.15
InDoor #1: 23(5) 43(24) 82(213) 67(228) 27(253) 35(274) 41(330) 57(395)
InDoor #2: 11(50) 56(112) 47(250) 77(260) 66(282)
InDoor #3: 69(249) 62(260) 5(314) 55(324) 7(342) 50(365)
InDoor #4: 59(9) 31(197) 0(246) 29(255) 65(274) 83(346) 37(367)
InDoor #5: 53(121) 72(221) 12(317) 89(330) 79(371)
InDoor #6: 48(322) 94(344) 20(352) 63(359) 76(368) 92(378)
InDoor #7: 16(103) 19(117) 70(130) 22(147) 99(188) 54(222) 18(243) 39(311) 88(347) 68(373)
InDoor #8: 40(126) 61(200) 44(224) 13(344) 74(373)
InDoor #9: 28(30) 10(49) 49(65) 87(72) 52(89) 24(124) 15(141) 85(291) 93(308)
InDoor #10: 80(32) 75(49) 97(78) 96(88) 71(124) 58(138) 1(144) 64(214)
InDoor #11: 14(14) 4(64) 26(75) 78(90) 95(143) 42(186) 21(294)
InDoor #12: 73(43) 51(66) 25(77) 6(92) 33(104) 86(120) 2(125)
InDoor #13: 90(41) 98(53) 32(88) 36(104) 17(122) 34(138) 8(160)
InDoor #14: 30(19) 9(33) 45(46) 91(119) 3(169) 46(199)
InDoor #15: 81(33) 60(47) 84(176) 38(193)
OuDoor #1: 49(285) 90(291) 29(305) 36(349) 66(384) 37(410) 64(416) 80(422) 5(428)
OuDoor #2: 51(271) 13(386)
OuDoor #3: 21(134) 85(179) 88(251) 70(261) 24(271) 52(283) 16(401) 9(415)
OuDoor #4: 63(359) 33(386) 75(397) 20(405) 54(419) 55(426)
OuDoor #5: 62(220) 2(271) 79(345) 40(369) 56(377) 57(392) 1(398)
OuDoor #6: 76(121) 86(238) 84(284) 4(366) 7(394) 8(399) 48(414)
OuDoor #7: 94(119) 35(150) 15(166) 71(201) 82(206) 14(238) 11(369)
OuDoor #8: 0(114) 83(150) 69(167) 65(291) 43(363) 44(404)
OuDoor #9: 25(46) 38(88) 77(106) 61(115) 89(160) 28(165) 72(185) 53(423) 58(432) 74(437)
OuDoor #10: 27(108) 98(114) 78(150) 95(162) 32(172) 97(236) 91(250) 73(310)
OuDoor #11: 19(81) 81(94) 50(105) 60(110) 26(115) 39(155) 34(328)
OuDoor #12: 67(63) 46(97) 6(115) 12(131) 31(173) 30(182) 10(405)
OuDoor #13: 45(61) 47(114) 41(130) 99(180) 87(188) 23(322)
OuDoor #14: 93(115) 42(182) 17(191) 59(197) 96(217)
OuDoor #15: 22(170) 18(187) 3(192) 92(217) 68(224)
Cost 2532054.06
DetCost 2494677
Time 1434.36
InDoor #1: 82(213) 69(249) 12(317) 41(330) 7(342) 83(347)
InDoor #2: 47(250) 65(274) 66(283) 21(294) 55(324) 89(330) 20(351) 63(359)
InDoor #3: 67(228) 0(246) 29(255) 85(291) 94(344) 74(373)
InDoor #4: 26(75) 52(89) 16(103) 64(214) 44(224) 18(243) 13(344) 76(366)
InDoor #5: 10(49) 78(90) 19(117) 72(221) 5(314) 88(347) 37(367)
InDoor #6: 25(77) 32(88) 33(104) 56(112) 17(122) 54(222) 39(311) 48(322) 50(365) 92(378)
InDoor #7: 60(47) 51(66) 96(88) 36(104) 91(119) 27(253) 77(261) 35(274) 79(371)
InDoor #8: 23(5) 11(50) 4(64) 97(78) 6(92) 86(120) 46(199) 93(308)
InDoor #9: 45(46) 49(65) 87(72) 2(125) 57(395)
InDoor #10: 80(32) 40(126) 34(138) 62(260) 68(373)
InDoor #11: 28(30) 71(124) 1(140) 22(148) 8(160) 3(169)
InDoor #12: 73(43) 24(124) 15(141) 95(148) 42(186) 61(200)
InDoor #13: 43(24) 14(29) 90(41) 98(53) 70(130) 84(176)
InDoor #14: 59(9) 9(33) 58(138) 99(188) 31(197)
InDoor #15: 30(19) 81(33) 75(49) 53(121) 38(193)
OuDoor #1: 51(271) 29(305) 36(349) 63(358) 4(366) 80(437) 53(443) 58(452)
OuDoor #2: 61(115) 24(271) 79(345) 40(369) 56(377) 20(405)
OuDoor #3: 98(114) 91(250) 2(271) 73(310) 8(399)
OuDoor #4: 81(94) 50(107) 47(114) 97(236) 70(261) 23(322) 43(363)
OuDoor #5: 88(252) 34(328) 11(369) 33(386) 75(396) 10(404) 48(414)
OuDoor #6: 46(97) 77(106) 93(115) 41(130) 68(224) 14(238) 84(281) 65(291) 66(384) 7(395) 44(404)
OuDoor #7: 27(108) 26(114) 76(121) 21(134) 49(285) 90(291) 13(386) 57(392) 1(398) 9(415)
OuDoor #8: 60(110) 0(115) 12(131) 78(150) 22(168) 52(283)
OuDoor #9: 19(81) 38(88) 6(115) 72(179) 18(189) 16(401) 37(413)
OuDoor #10: 69(167) 42(183) 82(206) 54(418)
OuDoor #11: 25(46) 39(155) 15(166) 85(178) 87(188) 17(197)
OuDoor #12: 67(63) 83(150) 89(160) 95(165) 99(181) 74(417) 5(428)
OuDoor #13: 45(61) 94(119) 35(150) 28(165) 30(182) 3(192) 55(426)
OuDoor #14: 32(172) 59(197) 92(217) 64(426)
OuDoor #15: 31(175) 71(202) 96(214) 62(220) 86(238)
Cost 2531678.16
DetCost 2495836
Time 1629.10
InDoor #1: 23(5) 43(24) 98(53)
InDoor #2: 77(260) 94(344) 20(352) 63(359) 79(371)
InDoor #3: 45(46) 19(117) 58(138) 47(250) 88(347) 76(366) 92(378)
InDoor #4: 69(249) 27(255) 89(330) 13(344) 37(367) 68(377) 57(395)
InDoor #5: 31(197) 67(228) 18(243) 29(255) 83(346) 50(365) 74(374)
InDoor #6: 10(49) 49(65) 87(72) 97(79) 52(89) 56(112) 17(122) 1(140)
InDoor #7: 4(64) 96(88) 91(119) 70(130) 95(143) 22(148) 8(160) 48(322) 7(342)
InDoor #8: 51(66) 26(75) 6(92) 34(138) 61(200) 64(214) 0(246) 12(317) 41(330)
InDoor #9: 25(77) 78(90) 33(104) 86(120) 2(125) 15(141)
InDoor #10: 32(88) 16(103) 71(124) 44(224) 62(260) 35(274) 66(282)
InDoor #11: 59(9) 9(33) 81(38) 60(47) 40(126) 3(169) 99(188) 55(324)
InDoor #12: 30(19) 73(43) 11(53) 36(104) 53(121) 72(221) 5(314)
InDoor #13: 14(14) 28(30) 90(41) 75(51) 24(124) 84(176) 54(222)
InDoor #14: 80(32) 42(186) 46(199) 65(274) 85(291) 39(311)
InDoor #15: 38(193) 82(213) 21(294) 93(308)
OuDoor #1: 84(284) 4(366) 56(377) 80(422) 5(428)
OuDoor #2: 52(283) 57(394) 9(415) 55(425)
OuDoor #3: 51(271) 11(369) 7(393) 1(398)
OuDoor #4: 95(162) 32(172) 24(271) 43(363) 33(386) 20(396) 44(404) 37(413)
OuDoor #5: 62(220) 70(261) 49(287) 40(373) 13(386) 8(396) 16(401)
OuDoor #6: 38(88) 0(107) 61(115) 28(165) 85(173) 42(183) 2(271) 75(398)
OuDoor #7: 27(108) 47(114) 21(134) 78(150) 39(155) 15(166) 99(181) 63(359) 66(384)
OuDoor #8: 19(81) 81(94) 60(111) 94(119) 89(161) 69(167) 31(178) 36(349) 54(419) 64(425)
OuDoor #9: 46(97) 77(106) 6(115) 22(165) 65(291) 79(345) 10(405)
OuDoor #10: 50(107) 93(115) 12(131) 30(181) 87(188) 88(252) 90(291)
OuDoor #11: 98(114) 72(185) 82(206) 97(236) 29(305) 48(414)
OuDoor #12: 67(63) 26(114) 76(121) 83(150) 59(197) 86(238) 34(328)
OuDoor #13: 25(46) 45(61) 41(130) 35(150) 18(187) 3(192) 53(422) 74(431)
OuDoor #14: 71(202) 96(217) 68(224) 14(238)
OuDoor #15: 17(197) 92(217) 91(250) 73(310) 23(322) 58(442)
Cost 2530930.28
DetCost 2494022
Time 1403.87
InDoor #1: 11(50) 17(122) 0(246) 27(253) 66(282)
InDoor #2: 23(5) 14(14) 2(125) 22(147) 47(250) 20(351)
InDoor #3: 10(49) 71(124) 34(138) 67(228) 69(249) 77(260) 13(344)
InDoor #4: 19(117) 24(126) 95(143) 18(243) 29(255) 83(346) 63(359) 74(373)
InDoor #5: 49(65) 91(119) 70(130) 1(140) 44(224) 94(344)
InDoor #6: 45(46) 16(103) 86(120) 15(141) 62(260) 35(274) 41(330) 88(347) 76(366) 92(378)
InDoor #7: 87(72) 53(121) 58(138) 7(342) 50(365) 79(374) 57(395)
InDoor #8: 4(64) 97(78) 52(89) 56(112) 40(126) 72(221) 65(274) 21(294) 39(311) 37(367)
InDoor #9: 73(43) 51(66) 78(90) 64(214) 54(222) 68(373)
InDoor #10: 90(41) 98(53) 25(77) 32(88) 36(104) 8(160) 85(291) 93(308) 48(322)
InDoor #11: 28(30) 26(75) 96(88) 33(104) 42(186) 61(200) 82(213) 89(330)
InDoor #12: 80(32) 75(49) 6(92) 99(188) 31(197) 12(317) 55(324)
InDoor #13: 60(47) 3(169) 38(193)
InDoor #14: 9(33) 84(176) 46(199) 5(314)
InDoor #15: 59(9) 30(19) 43(27) 81(33)
OuDoor #1: 78(150) 15(166) 24(271)
OuDoor #2: 22(162) 32(172) 51(271) 52(283) 29(305) 4(365) 40(373) 10(404)
OuDoor #3: 69(167) 2(271) 43(363) 56(377) 8(399)
OuDoor #4: 83(149) 39(155) 28(165) 88(251) 70(261) 84(277) 49(287)
OuDoor #5: 35(150) 89(161) 65(291) 23(322) 11(369) 80(435)
OuDoor #6: 47(114) 95(165) 85(175) 72(185) 90(291) 13(386) 7(393) 1(398) 37(413)
OuDoor #7: 19(81) 38(88) 61(113) 94(119) 21(134) 30(182) 86(238) 57(394) 44(404)
OuDoor #8: 50(107) 98(114) 12(131) 14(238) 63(359) 33(386) 75(398) 5(416) 55(426)
OuDoor #9: 67(63) 77(108) 41(130) 99(181) 73(310) 34(328) 66(384) 16(401) 9(415)
OuDoor #10: 45(61) 46(97) 93(114) 76(121) 42(183) 91(250) 20(405)
OuDoor #11: 25(46) 81(94) 27(108) 6(115) 31(178) 48(413) 54(419)
OuDoor #12: 60(110) 0(115) 87(188) 92(217) 97(236)
OuDoor #13: 26(115) 18(186) 17(191) 59(197) 62(220)
OuDoor #14: 3(192) 71(201) 82(206) 96(217) 79(345) 58(430) 74(435)
OuDoor #15: 68(224) 36(349) 53(417) 64(426)
Cost 2532002.34
DetCost 2494381
Time 1005.69
InDoor #1: 45(46) 60(56) 36(104) 91(119) 84(176) 31(197)
InDoor #2: 26(75) 99(188) 38(193) 54(222)
InDoor #3: 10(49) 4(64) 6(92) 3(169) 46(199)
InDoor #4: 11(50) 51(66) 97(78) 32(88) 58(138)
InDoor #5: 87(72) 96(88) 24(124) 34(138) 42(186) 61(200) 72(221) 83(346)
InDoor #6: 49(65) 25(77) 78(90) 33(104) 53(121) 70(131) 95(143) 8(160) 65(274) 7(342)
InDoor #7: 52(89) 71(124) 40(132) 1(141) 64(214) 44(224) 76(366) 68(373)
InDoor #8: 27(253) 66(282) 89(330) 94(344) 20(352) 37(367)
InDoor #9: 90(41) 98(53) 86(120) 2(125) 15(141) 22(148) 47(250) 21(294) 13(344) 50(365) 92(378)
InDoor #10: 73(43) 17(122) 69(249) 85(291) 88(347) 63(359) 79(371)
InDoor #11: 80(32) 19(117) 0(246) 29(255) 35(274) 93(308) 57(395)
InDoor #12: 59(9) 28(30) 9(37) 75(49) 18(243) 62(260) 39(311) 55(324) 74(373)
InDoor #13: 56(112) 67(228) 77(260) 12(317)
InDoor #14: 23(5) 14(14) 43(24) 81(33) 16(103) 41(330)
InDoor #15: 30(19) 82(213) 5(314) 48(322)
OuDoor #1: 76(121) 18(187) 3(192) 92(217) 14(238)
OuDoor #2: 81(94) 26(115) 17(191) 59(197) 62(220)
OuDoor #3: 0(115) 41(130) 72(185) 71(201) 82(206) 96(217) 68(223)
OuDoor #4: 19(81) 77(106) 6(115) 28(165) 30(181) 87(188) 86(238) 91(250)
OuDoor #5: 38(88) 50(107) 98(114) 99(181) 40(373) 74(419) 64(426) 58(442)
OuDoor #6: 46(97) 60(110) 93(115) 35(150) 39(155) 31(170) 85(179) 63(359) 20(405)
OuDoor #7: 27(105) 47(110) 94(119) 83(150) 95(165) 42(183) 97(236) 4(366) 66(384)
OuDoor #8: 67(63) 61(115) 78(150) 69(167) 88(252) 24(271) 33(386) 44(404)
OuDoor #9: 45(61) 12(131) 89(161) 15(166) 51(271) 65(291) 29(305) 73(310) 43(363) 56(377) 7(393) 1(398)
OuDoor #10: 49(287) 11(369) 13(386) 57(393) 8(399) 37(413) 54(419)
OuDoor #11: 22(162) 32(172) 84(281) 90(291) 23(322) 80(419) 5(425)
OuDoor #12: 25(46) 21(134) 70(261) 2(271) 16(401)
OuDoor #13: 52(283) 75(398) 9(415)
OuDoor #14: 36(349) 10(405)
OuDoor #15: 34(328) 79(345) 48(411) 53(417) 55(426)
Cost 2530954.11
DetCost 2493141
Time 748.28
InDoor #1: 33(104) 56(112) 31(197) 39(311) 55(324) 89(330)
InDoor #2: 45(46) 11(56) 16(103) 17(122) 70(132) 38(193) 5(314)
InDoor #3: 25(77) 36(104) 86(120) 2(125) 42(186) 46(199) 93(308)
InDoor #4: 71(124) 48(322) 41(330) 7(342)
InDoor #5: 97(78) 6(92) 24(124) 61(200) 64(214) 12(317)
InDoor #6: 49(65) 87(72) 52(89) 19(117) 40(126) 34(138) 72(221) 85(291) 20(351) 50(365)
InDoor #7: 51(66) 26(75) 96(88) 53(121) 84(176) 99(188) 66(282) 21(294) 94(344) 63(359)
InDoor #8: 75(49) 4(64) 1(140) 3(169) 88(347)
InDoor #9: 10(49) 32(88) 91(119) 95(143) 22(148) 47(250) 62(260) 13(344) 92(378)
InDoor #10: 90(41) 98(53) 78(90) 54(222) 27(253) 83(346) 74(373)
InDoor #11: 73(43) 15(141) 69(249) 65(274) 76(366) 79(373)
InDoor #12: 9(33) 60(47) 58(138) 29(255) 37(367) 57(395)
InDoor #13: 23(5) 80(32) 82(213) 67(228) 0(246) 77(260) 68(373)
InDoor #14: 59(9) 30(19) 28(30) 81(37) 8(160)
InDoor #15: 14(14) 43(24) 44(224) 18(243) 35(274)
OuDoor #1: 12(131) 82(206) 92(217) 68(224) 97(236) 74(428)
OuDoor #2: 41(127) 21(134) 78(150) 62(220) 34(328)
OuDoor #3: 46(97) 0(113) 76(121) 22(170) 96(217)
OuDoor #4: 47(114) 32(172) 17(197) 23(322) 36(349) 63(359) 66(384)
OuDoor #5: 27(108) 6(115) 83(149) 39(155) 86(238) 48(414)
OuDoor #6: 38(88) 94(110) 61(115) 35(150) 79(345) 4(366) 56(376) 13(386) 10(405)
OuDoor #7: 19(81) 81(94) 50(107) 93(115) 3(192) 29(305) 73(310) 11(369)
OuDoor #8: 98(114) 69(167) 31(176) 72(185) 59(197) 75(393) 16(401) 54(419) 5(427) 80(437) 53(443) 58(452)
OuDoor #9: 77(108) 15(166) 18(189) 51(271) 43(363) 40(373) 7(395) 44(404)
OuDoor #10: 45(61) 60(111) 89(160) 28(165) 14(238) 88(252) 24(271)
OuDoor #11: 67(63) 26(115) 95(162) 85(172) 30(182) 91(250) 90(291) 57(394)
OuDoor #12: 33(386) 8(399) 20(405) 37(413) 64(419) 55(425)
OuDoor #13: 87(186) 71(202) 2(271) 84(281) 65(291) 1(398)
OuDoor #14: 25(46) 42(183) 52(283) 9(415)
OuDoor #15: 99(181) 70(261) 49(287)
Cost 2534593.00
DetCost 2496002
Time 1399.40
InDoor #1: 14(14) 9(33) 33(104) 17(122)
InDoor #2: 75(49) 78(90) 91(119) 34(138) 22(147) 8(160)
InDoor #3: 90(41) 98(53) 26(75) 96(88) 86(120) 2(125) 95(143) 3(169)
InDoor #4: 28(30) 73(43) 32(88) 36(104) 19(117) 40(126) 88(347)
InDoor #5: 59(9) 80(32) 52(89) 71(124) 15(141) 84(176) 99(188) 20(351)
InDoor #6: 4(64) 25(77) 6(92) 56(112) 58(138) 42(186) 13(344)
InDoor #7: 81(33) 87(72) 97(79) 1(140) 67(228) 89(330) 94(344)
InDoor #8: 10(49) 11(59) 49(65) 16(103) 70(130) 72(221) 83(346) 50(365)
InDoor #9: 30(19) 51(66) 24(124) 31(197) 0(246) 39(311) 7(342) 37(367)
InDoor #10: 60(47) 53(121) 38(193) 18(243) 27(253) 65(274) 79(371)
InDoor #11: 45(46) 46(199) 82(213) 62(260) 66(282) 21(294) 41(330) 92(378)
InDoor #12: 61(200) 64(214) 69(249) 77(260) 85(291) 76(366) 74(373) 57(395)
InDoor #13: 54(222) 47(250) 5(314) 48(322) 68(373)
InDoor #14: 29(255) 93(308) 12(317) 55(324) 63(359)
InDoor #15: 23(5) 43(24) 44(224) 35(274)
OuDoor #1: 93(115) 99(181) 74(425) 53(432) 58(441) 80(446)
OuDoor #2: 60(111) 78(150) 15(166) 85(178) 87(188) 71(202)
OuDoor #3: 45(61) 81(94) 50(107) 98(114) 12(131) 39(155) 28(165) 42(183) 17(197) 56(377)
OuDoor #4: 25(46) 67(63) 77(106) 61(115) 76(121) 31(172) 30(182) 64(426)
OuDoor #5: 6(115) 41(130) 89(161) 72(182) 3(192) 11(369) 48(414)
OuDoor #6: 46(97) 27(108) 47(114) 21(134) 95(165) 18(189) 59(197) 4(365) 40(373)
OuDoor #7: 19(81) 38(88) 26(115) 83(150) 69(164) 32(172) 20(405)
OuDoor #8: 0(111) 94(119) 35(150) 86(238) 63(359) 13(386) 54(419)
OuDoor #9: 92(217) 23(322) 43(363) 33(386)
OuDoor #10: 62(220) 70(261) 2(271) 66(384) 57(394) 16(400) 9(415) 5(425)
OuDoor #11: 96(217) 88(252) 52(283) 29(305) 36(349) 7(393) 1(398)
OuDoor #12: 22(170) 68(224) 91(250) 51(271) 49(284) 73(310) 75(398)
OuDoor #13: 34(328) 79(345) 8(399) 44(404) 37(413)
OuDoor #14: 82(206) 14(238) 24(271) 65(291) 55(425)
OuDoor #15: 97(236) 84(281) 90(291) 10(405)
Cost 2525547.24
DetCost 2491703
Time 1486.53
