InDoor #1: 14(14) 6(20) 63(39) 66(122) 37(132) 25(157) 29(335) 46(439)
InDoor #2: 75(49) 22(147) 45(286) 41(330) 56(432) 50(445) 21(454) 34(462)
InDoor #3: 36(24) 40(46) 15(61) 11(130) 54(142) 48(162) 71(204) 67(228) 18(243) 19(437)
InDoor #4: 38(33) 72(141) 2(205) 64(214) 8(240) 65(274) 78(330) 31(357) 17(442)
InDoor #5: 20(31) 13(264) 35(274) 1(300) 76(366) 79(373) 26(395) 51(466)
InDoor #6: 16(103) 4(224) 23(245) 47(252) 43(264) 30(339)
InDoor #7: 28(30) 70(50) 58(59) 5(74) 7(102) 73(123) 53(133) 59(169) 0(326)
InDoor #8: 49(65) 69(89) 9(193) 52(329) 77(340) 24(364) 42(426)
InDoor #9: 3(9) 74(53) 44(64) 12(77) 57(83) 27(93) 62(101) 60(287)
InDoor #10: 32(88) 33(184) 61(200) 68(293) 10(369) 55(404) 39(471)
OuDoor #1: 12(55) 39(172) 35(429) 7(483) 49(493) 31(500) 38(507) 79(512)
OuDoor #2: 78(67) 42(163) 32(240) 27(305) 9(376) 69(463) 22(469) 28(481)
OuDoor #3: 61(163) 37(172) 25(182) 34(198) 47(246) 63(375) 10(462)
OuDoor #4: 67(227) 4(253) 43(289) 60(299) 70(351) 48(376) 36(414) 13(460) 62(483) 71(492)
OuDoor #5: 72(47) 73(129) 56(189) 1(264) 33(280) 77(285) 2(370) 20(408)
OuDoor #6: 24(248) 8(277) 65(357) 30(372) 57(393) 0(399) 14(444) 15(488)
OuDoor #7: 76(116) 26(206) 3(280) 50(343) 21(361) 5(392) 53(423)
OuDoor #8: 16(197) 66(207) 59(360) 6(399) 45(405) 11(421) 19(444) 51(497) 58(506)
OuDoor #9: 17(87) 23(101) 75(118) 64(128) 54(215) 44(336) 74(502) 41(508)
OuDoor #10: 46(214) 18(238) 55(279) 29(311) 40(334) 52(423) 68(491)
Cost 1337820.95
DetCost 1320628
Time 649.19
InDoor #1: 5(74) 66(122) 73(132) 59(169) 33(184) 9(193) 71(204) 64(214) 0(326) 26(395)
InDoor #2: 32(88) 16(103) 25(157) 2(205) 67(228) 35(274) 41(330) 79(371)
InDoor #3: 75(49) 49(65) 12(77) 48(162) 61(200) 4(224) 52(329) 30(339)
InDoor #4: 63(39) 69(89) 53(121) 78(330) 77(340) 55(404) 39(471)
InDoor #5: 38(33) 74(53) 44(64) 23(245) 1(300) 29(335) 46(439) 51(466)
InDoor #6: 20(31) 70(50) 58(59) 7(102) 72(141) 8(240) 68(293) 24(364)
InDoor #7: 36(24) 27(93) 54(142) 47(250) 60(287) 10(369) 56(432) 50(445)
InDoor #8: 28(30) 11(130) 22(147) 43(264) 45(286) 76(366) 17(442) 21(454)
InDoor #9: 3(9) 62(100) 18(243) 65(274) 42(426) 19(437) 34(458)
InDoor #10: 14(14) 6(20) 40(46) 15(61) 57(75) 37(127) 13(264) 31(357)
OuDoor #1: 25(180) 34(190) 16(196) 26(206) 67(227) 32(240) 44(336) 50(343) 20(408) 53(423)
OuDoor #2: 23(101) 66(207) 54(215) 47(246) 70(351) 30(369) 36(414)
OuDoor #3: 78(67) 39(172) 56(189) 46(214) 24(248) 65(357) 11(421) 7(483)
OuDoor #4: 12(55) 17(87) 37(172) 18(238) 60(302) 59(360) 68(491) 31(497)
OuDoor #5: 73(129) 8(277) 40(323) 21(361) 2(370) 5(392) 0(399) 52(423)
OuDoor #6: 72(47) 76(116) 64(128) 29(311) 10(462) 62(483) 49(492) 79(497) 74(504) 58(510)
OuDoor #7: 75(124) 61(163) 4(253) 1(264) 57(402) 69(463) 15(488)
OuDoor #8: 42(163) 3(280) 27(305) 9(376) 35(431) 14(444) 13(460) 22(469) 28(479)
OuDoor #9: 77(283) 43(289) 63(375) 6(399) 45(405) 19(444) 71(492)
OuDoor #10: 55(275) 33(280) 48(376) 38(503) 51(508) 41(517)
Cost 1337137.22
DetCost 1320315
Time 1339.60
InDoor #1: 38(33) 27(93) 7(102) 66(122) 11(132) 0(326) 29(335) 31(357) 56(432)
InDoor #2: 14(14) 36(24) 32(88) 69(94) 62(100) 16(107) 60(287) 41(330)
InDoor #3: 3(9) 28(30) 5(74) 68(293) 1(301) 78(330) 79(371) 17(442)
InDoor #4: 20(31) 63(39) 75(49) 22(147) 30(339) 26(395) 50(445) 34(458) 39(471)
InDoor #5: 54(142) 71(204) 77(340) 55(404) 42(426) 19(437) 21(454)
InDoor #6: 12(77) 2(205) 64(214) 67(228) 8(240) 52(329) 10(369)
InDoor #7: 70(50) 15(61) 58(68) 57(75) 72(141) 25(157) 47(250) 76(366) 46(439)
InDoor #8: 44(64) 48(162) 61(200) 4(224) 18(243) 43(264) 35(274) 51(466)
InDoor #9: 40(46) 49(65) 37(127) 59(169) 23(245) 45(286) 24(364)
InDoor #10: 6(12) 74(53) 73(123) 53(133) 33(184) 9(193) 13(264) 65(274)
OuDoor #1: 76(116) 73(126) 40(328) 44(336) 50(343) 70(351) 48(376)
OuDoor #2: 64(119) 75(124) 37(172) 34(198) 55(279) 63(375) 51(499) 79(508)
OuDoor #3: 29(311) 9(376) 53(423) 14(444) 10(462) 28(478) 7(483) 31(505)
OuDoor #4: 72(45) 12(55) 78(67) 42(163) 65(357) 2(366) 20(408) 13(460) 68(491)
OuDoor #5: 18(235) 32(240) 4(253) 59(360) 30(370) 0(399) 36(414) 52(423) 19(444) 69(463) 22(469)
OuDoor #6: 23(101) 61(163) 39(172) 67(227) 47(246) 1(264) 8(277) 21(361)
OuDoor #7: 54(215) 45(401) 11(421) 15(488) 41(501) 58(510)
OuDoor #8: 17(87) 25(179) 56(189) 46(214) 24(248) 3(280) 62(483) 71(492)
OuDoor #9: 66(207) 77(285) 60(297) 27(305) 5(392) 6(399) 57(404) 49(493)
OuDoor #10: 16(196) 26(206) 33(280) 43(289) 35(429) 74(514) 38(520)
Cost 1337100.24
DetCost 1321215
Time 537.98
InDoor #1: 3(9) 73(123) 11(133) 67(228) 8(240) 13(264) 35(274) 45(286)
InDoor #2: 6(12) 37(127) 54(142) 18(243) 17(442) 21(454) 51(466)
InDoor #3: 15(61) 22(147) 23(245) 43(264) 65(274) 0(326) 26(395) 19(437)
InDoor #4: 14(14) 72(141) 71(204) 4(224) 47(250) 1(300) 50(445)
InDoor #5: 29(335) 79(371) 55(404) 42(426) 56(435) 46(444) 34(458) 39(471)
InDoor #6: 63(39) 57(75) 32(88) 48(162) 9(193) 64(214) 24(364) 76(373)
InDoor #7: 28(30) 40(46) 25(157) 61(200) 2(207) 52(329) 30(339) 10(369)
InDoor #8: 20(31) 75(49) 44(64) 5(74) 27(93) 7(102) 59(169) 78(330) 77(340)
InDoor #9: 38(33) 49(65) 58(71) 12(77) 66(122) 33(184) 60(287) 31(357)
InDoor #10: 36(24) 70(50) 74(59) 69(89) 62(100) 16(107) 53(121) 68(293) 41(330)
OuDoor #1: 34(198) 47(246) 4(253) 1(264) 33(280) 77(285) 27(305) 15(488)
OuDoor #2: 53(423) 22(469) 28(478) 7(483) 51(498) 31(507)
OuDoor #3: 42(163) 3(280) 43(289) 60(302) 44(336) 50(343) 20(408) 11(421) 14(444) 10(462) 62(486)
OuDoor #4: 61(163) 24(248) 8(277) 36(414) 13(460) 49(487) 71(492)
OuDoor #5: 37(166) 39(172) 25(182) 26(206) 40(331) 52(423) 19(444) 69(463) 68(491)
OuDoor #6: 12(55) 64(128) 56(189) 66(207) 67(227) 30(369) 57(393) 0(399) 79(502)
OuDoor #7: 16(199) 46(214) 65(357) 5(392) 58(498) 38(506) 74(511) 41(517)
OuDoor #8: 72(47) 78(67) 76(116) 54(215) 18(235) 32(240) 55(279) 59(360) 63(375)
OuDoor #9: 17(87) 23(101) 75(124) 21(361) 48(376) 6(399) 35(429)
OuDoor #10: 73(129) 29(311) 70(351) 2(368) 9(376) 45(405)
Cost 1337524.21
DetCost 1321664
Time 1083.63
InDoor #1: 75(49) 74(55) 69(89) 73(123) 11(133) 67(228) 65(274) 45(286)
InDoor #2: 8(240) 13(264) 0(326) 29(335) 76(366) 42(426) 39(471)
InDoor #3: 63(39) 70(50) 15(61) 57(75) 62(100) 53(121) 23(245)
InDoor #4: 20(31) 27(93) 7(102) 47(250) 43(264) 78(330) 79(371) 17(442) 21(454)
InDoor #5: 38(33) 66(122) 37(132) 22(147) 2(205) 4(224) 18(243) 35(274) 30(339) 46(439)
InDoor #6: 28(30) 54(142) 64(214) 77(340) 24(364) 55(404) 50(445) 34(458) 51(466)
InDoor #7: 36(24) 44(64) 12(77) 32(88) 16(103) 72(141) 48(162) 52(329) 10(369)
InDoor #8: 14(14) 58(58) 49(65) 59(169) 9(193) 71(204) 1(300) 19(437)
InDoor #9: 33(184) 68(293) 41(330) 31(357) 26(395) 56(432)
InDoor #10: 3(9) 6(16) 40(46) 5(74) 25(157) 61(200) 60(287)
OuDoor #1: 78(67) 64(128) 37(172) 18(238) 47(246) 43(289) 27(305) 57(403)
OuDoor #2: 4(253) 33(280) 44(336) 50(343) 48(376) 20(401) 19(444) 68(491)
OuDoor #3: 12(55) 73(129) 34(198) 24(248) 1(264) 60(302) 30(372) 0(399)
OuDoor #4: 72(47) 76(116) 3(280) 77(285) 5(392) 11(421) 22(469) 15(488)
OuDoor #5: 42(163) 55(279) 65(357) 10(462) 62(486) 58(499) 31(507)
OuDoor #6: 61(163) 67(227) 8(277) 59(360) 69(463) 7(483) 51(501) 38(510) 41(515)
OuDoor #7: 70(351) 21(361) 45(403) 35(415) 52(423) 14(444) 28(483)
OuDoor #8: 17(87) 56(187) 16(196) 26(206) 63(375) 6(397) 13(460) 71(492) 79(505)
OuDoor #9: 75(124) 66(207) 54(215) 32(240) 29(311) 9(376) 36(414) 53(423) 49(493)
OuDoor #10: 23(101) 39(172) 25(182) 46(214) 40(329) 2(372) 74(526)
Cost 1338111.87
DetCost 1321059
Time 789.04
InDoor #1: 70(50) 5(74) 69(89) 73(123) 25(157) 67(228) 60(287) 41(330) 26(395)
InDoor #2: 3(9) 58(58) 12(77) 27(93) 48(162) 2(205) 4(224) 23(245) 68(293)
InDoor #3: 62(100) 59(169) 64(214) 0(326) 29(335) 24(364) 34(458) 51(466)
InDoor #4: 71(204) 78(330) 30(339) 10(369) 55(404) 46(439)
InDoor #5: 75(49) 15(61) 49(68) 32(88) 7(102) 72(141) 77(340) 31(357) 76(366)
InDoor #6: 38(33) 44(64) 37(127) 54(142) 61(200) 8(240) 47(250) 45(286) 1(300) 52(329) 50(445)
InDoor #7: 20(31) 16(103) 11(130) 22(147) 18(243) 19(437)
InDoor #8: 6(12) 63(39) 43(264) 35(274) 79(371) 56(432) 17(442) 21(454)
InDoor #9: 28(30) 74(53) 9(193) 13(264) 65(274)
InDoor #10: 14(14) 36(24) 40(46) 57(75) 66(122) 53(132) 33(184) 42(426) 39(471)
OuDoor #1: 23(101) 64(128) 37(172) 25(179) 56(189) 47(246) 20(408)
OuDoor #2: 32(240) 29(311) 2(364) 30(372) 6(399) 36(414) 53(423) 49(493)
OuDoor #3: 76(116) 39(172) 67(227) 24(248) 8(277) 44(336) 50(343) 70(351)
OuDoor #4: 34(192) 65(357) 5(392) 52(423) 14(444) 7(479) 62(486) 31(496)
OuDoor #5: 78(67) 17(87) 1(264) 60(302) 59(360) 48(376) 45(401) 11(421)
OuDoor #6: 61(163) 16(199) 46(214) 4(253) 27(305) 21(361) 63(375) 69(463)
OuDoor #7: 72(47) 75(119) 73(129) 42(163) 54(215) 3(280) 9(376) 10(462) 28(483)
OuDoor #8: 12(55) 66(207) 77(285) 40(334) 13(460) 22(469) 71(492) 74(504) 58(510)
OuDoor #9: 26(206) 18(238) 55(275) 33(280) 43(289) 0(399) 57(405) 79(508)
OuDoor #10: 35(435) 19(444) 15(486) 68(491) 51(497) 38(506) 41(511)
Cost 1337559.02
DetCost 1320190
Time 1406.72
InDoor #1: 58(58) 44(64) 57(75) 73(123) 33(184) 8(240) 47(250) 43(264) 35(274)
InDoor #2: 36(24) 75(49) 49(65) 72(141) 25(157) 9(193) 61(200) 67(228)
InDoor #3: 28(30) 70(50) 15(61) 37(127) 22(147) 4(224) 18(243) 65(274) 10(369)
InDoor #4: 63(39) 54(142) 48(162) 64(214) 23(245) 13(264) 60(287) 0(326)
InDoor #5: 68(293) 77(340) 24(364) 79(373) 19(437) 34(458) 39(471)
InDoor #6: 38(33) 27(93) 62(101) 30(339) 31(357) 76(366) 56(432) 17(442)
InDoor #7: 69(89) 7(102) 59(169) 78(330) 29(339) 26(395) 55(405) 50(445) 21(454)
InDoor #8: 6(12) 3(22) 2(205) 45(286) 1(300) 52(329) 42(426) 46(439)
InDoor #9: 14(14) 20(31) 5(74) 66(122) 71(204) 51(466)
InDoor #10: 40(46) 74(55) 12(77) 32(88) 16(103) 11(130) 53(136) 41(330)
OuDoor #1: 17(87) 39(172) 25(182) 26(206) 8(272) 3(280)
OuDoor #2: 34(198) 46(214) 18(238) 47(246) 4(253) 77(285) 6(397) 35(429)
OuDoor #3: 78(67) 61(163) 66(207) 54(215) 32(240) 1(264) 43(289) 45(397)
OuDoor #4: 12(55) 75(124) 24(248) 33(280) 60(302) 44(336) 50(343) 21(361) 5(392)
OuDoor #5: 72(47) 42(162) 37(172) 56(189) 16(199) 29(311) 59(360) 63(375) 0(398) 68(491)
OuDoor #6: 65(357) 30(366) 48(376) 36(414) 53(423) 13(460) 49(492) 41(499) 58(508)
OuDoor #7: 76(116) 55(279) 9(376) 20(408) 52(423) 69(463) 22(469) 28(481) 15(488)
OuDoor #8: 73(129) 67(227) 27(305) 40(325) 70(351) 19(444) 10(462) 62(486)
OuDoor #9: 23(101) 64(128) 57(403) 11(421) 14(444) 71(492) 79(500) 31(507)
OuDoor #10: 2(370) 7(483) 74(509) 38(515) 51(520)
Cost 1337365.90
DetCost 1321536
Time 516.82
InDoor #1: 6(12) 44(64) 5(74) 12(82) 62(100) 22(147) 4(224) 68(293) 42(426)
InDoor #2: 49(65) 27(93) 66(122) 54(142) 2(205) 64(214) 67(228) 60(287)
InDoor #3: 28(30) 70(50) 58(59) 7(102) 72(141) 71(204) 52(329) 26(395) 55(405)
InDoor #4: 3(9) 15(61) 69(89) 53(121) 65(274) 0(326) 79(371) 39(471)
InDoor #5: 20(31) 32(88) 11(130) 25(157) 13(264) 45(286) 41(330) 76(366) 46(439)
InDoor #6: 38(33) 40(46) 37(127) 48(162) 59(170) 8(240) 78(330) 30(339) 31(357)
InDoor #7: 1(300) 77(340) 10(369) 56(432) 50(445) 34(458) 51(466)
InDoor #8: 14(14) 36(24) 63(39) 75(49) 57(75) 61(200) 23(245) 17(442)
InDoor #9: 73(123) 9(193) 18(243) 43(264) 35(274) 29(335) 24(364) 19(437)
InDoor #10: 74(53) 16(103) 33(184) 47(250) 21(454)
OuDoor #1: 17(87) 23(101) 42(163) 18(235) 32(240) 29(311) 11(421) 19(444) 31(507)
OuDoor #2: 61(163) 67(227) 47(246) 2(370) 0(399) 35(415) 53(423) 7(483)
OuDoor #3: 76(116) 24(248) 59(360) 30(372) 20(408) 52(423) 14(444) 49(493)
OuDoor #4: 73(129) 37(166) 39(172) 43(289) 44(336) 50(343) 36(414) 68(491)
OuDoor #5: 72(47) 64(128) 25(179) 56(189) 33(280) 27(305) 63(375) 15(488)
OuDoor #6: 4(253) 70(351) 65(357) 48(376) 45(401) 10(462) 74(526)
OuDoor #7: 75(124) 54(215) 1(264) 3(280) 21(361) 9(376) 5(392) 69(463) 28(483)
OuDoor #8: 12(55) 78(67) 34(191) 16(197) 66(207) 46(214) 40(334) 57(400) 13(460)
OuDoor #9: 26(206) 8(277) 77(285) 60(302) 62(486) 79(503) 58(510)
OuDoor #10: 55(279) 6(399) 22(469) 71(492) 51(503) 38(512) 41(517)
Cost 1337716.76
DetCost 1320980
Time 1725.55
InDoor #1: 14(14) 58(58) 74(64) 32(88) 67(228) 68(293) 0(326) 78(333)
InDoor #2: 49(65) 27(93) 53(121) 11(131) 4(224) 60(287) 41(330) 55(404) 46(439)
InDoor #3: 6(12) 28(30) 40(46) 44(64) 57(75) 62(100) 61(200) 50(445)
InDoor #4: 5(74) 7(102) 33(184) 1(300) 77(340) 17(442) 34(458) 51(466)
InDoor #5: 20(31) 69(89) 16(103) 25(157) 30(339) 26(395) 42(426) 19(437) 21(454)
InDoor #6: 3(9) 38(33) 75(49) 15(61) 12(77) 22(147) 8(240) 29(335)
InDoor #7: 63(39) 54(142) 52(329) 24(364) 79(373) 56(432)
InDoor #8: 36(24) 70(50) 72(141) 48(162) 9(193) 18(243) 13(264) 35(274) 10(369)
InDoor #9: 66(122) 71(204) 64(214) 47(250) 65(274) 31(357) 76(366) 39(471)
InDoor #10: 37(127) 73(137) 59(169) 2(205) 23(245) 43(264) 45(286)
OuDoor #1: 47(246) 29(311) 44(336) 50(343) 2(364) 30(372) 11(421) 79(509)
OuDoor #2: 17(87) 75(118) 64(128) 70(351) 7(483) 71(492) 31(499)
OuDoor #3: 46(214) 21(361) 35(415) 52(423) 14(444) 69(463) 49(493)
OuDoor #4: 23(101) 76(116) 73(126) 54(215) 24(248) 40(325) 59(360) 36(414)
OuDoor #5: 72(47) 25(182) 65(357) 57(400) 53(423) 19(444) 13(460) 22(469) 15(488)
OuDoor #6: 78(67) 42(163) 18(235) 32(240) 4(253) 10(462) 62(486) 74(504) 58(510)
OuDoor #7: 12(55) 61(163) 34(193) 16(199) 1(264) 6(394) 0(399) 28(483)
OuDoor #8: 39(172) 56(189) 66(207) 33(280) 77(285) 60(297) 63(375) 45(397)
OuDoor #9: 37(172) 26(206) 67(227) 3(280) 43(289) 48(376) 5(392) 68(491)
OuDoor #10: 55(272) 8(277) 27(305) 9(376) 20(401) 51(495) 38(504) 41(509)
Cost 1337676.13
DetCost 1320732
Time 1548.42
InDoor #1: 63(39) 75(49) 71(204) 4(224) 23(245) 0(326) 29(335)
InDoor #2: 16(103) 2(205) 64(214) 8(240) 30(339) 56(432)
InDoor #3: 44(64) 37(127) 59(169) 45(286) 52(329) 77(340) 31(357) 34(458) 51(466)
InDoor #4: 38(33) 70(50) 58(59) 49(65) 27(93) 67(228) 47(250) 43(264) 19(437)
InDoor #5: 28(30) 32(88) 48(162) 33(184) 78(330) 79(371) 17(442)
InDoor #6: 36(24) 15(61) 7(102) 9(193) 18(243) 35(274) 1(300) 50(445)
InDoor #7: 6(12) 20(31) 69(89) 62(100) 72(141) 61(200) 13(264) 41(330) 46(439) 21(454)
InDoor #8: 5(74) 12(82) 54(142) 25(157) 65(274) 76(366) 24(373) 39(471)
InDoor #9: 14(14) 40(46) 74(55) 73(123) 22(147) 68(293) 26(395) 42(426)
InDoor #10: 3(9) 57(75) 66(122) 11(132) 53(138) 60(287) 10(369) 55(404)
OuDoor #1: 12(55) 78(67) 18(234) 24(248) 44(336) 50(343) 49(493) 31(498)
OuDoor #2: 34(198) 67(227) 8(277) 65(357) 30(370) 7(479) 62(486)
OuDoor #3: 17(87) 4(253) 55(279) 27(305) 59(360) 48(376) 14(444) 13(460)
OuDoor #4: 73(129) 37(172) 56(189) 47(246) 1(264) 21(361) 63(375)
OuDoor #5: 16(196) 26(206) 32(240) 3(280) 77(285) 70(351) 9(376) 35(429) 10(462)
OuDoor #6: 76(116) 64(126) 25(182) 0(399) 53(423) 69(463) 28(482) 15(487) 71(492)
OuDoor #7: 72(47) 39(172) 66(207) 46(214) 33(280) 60(299) 11(421) 22(469) 58(495) 51(503) 79(512)
OuDoor #8: 23(101) 61(163) 54(215) 43(289) 5(392) 36(414) 68(491)
OuDoor #9: 75(124) 42(163) 29(311) 2(372) 6(394) 45(399) 20(408) 19(444)
OuDoor #10: 40(334) 57(403) 52(423) 38(506) 74(511) 41(517)
Cost 1338276.37
DetCost 1320168
Time 778.66
