InDoor #1: 17(2) 10(12) 14(22) 1(28) 9(36) 13(41) 16(51)
InDoor #2: 18(3) 3(12) 6(19) 4(29) 12(38) 8(44)
InDoor #3: 2(5) 0(13) 11(20) 15(26) 7(33) 5(38) 19(46)
OuDoor #1: 10(44) 8(52) 15(59) 12(66) 9(72) 13(80) 0(88)
OuDoor #2: 16(45) 5(55) 17(64) 19(74) 11(84) 1(93)
OuDoor #3: 18(42) 14(52) 4(59) 3(68) 2(75) 6(82) 7(92)
Cost 30307.98
DetCost 26597
Time 1043.04
InDoor #1: 18(3) 0(12) 6(19) 4(29) 12(38) 8(44)
InDoor #2: 17(2) 10(12) 14(22) 1(28) 5(36) 19(44) 16(53)
InDoor #3: 2(5) 3(13) 11(20) 15(26) 7(33) 9(38) 13(43)
OuDoor #1: 16(44) 5(54) 12(63) 17(69) 13(79) 0(87) 7(92)
OuDoor #2: 10(44) 8(52) 4(59) 9(68) 2(76) 6(83) 1(93)
OuDoor #3: 18(43) 14(53) 15(60) 3(67) 19(74) 11(84)
Cost 30259.94
DetCost 26081
Time 770.24
InDoor #1: 17(2) 0(12) 6(19) 15(29) 5(36) 8(44)
InDoor #2: 2(5) 3(13) 14(20) 4(26) 9(35) 12(40) 7(46) 16(51)
InDoor #3: 18(3) 10(12) 1(22) 11(30) 13(36) 19(46)
OuDoor #1: 16(43) 8(53) 15(60) 17(67) 2(77) 11(84) 1(93)
OuDoor #2: 18(47) 4(57) 12(66) 9(72) 13(80) 0(88)
OuDoor #3: 10(41) 5(49) 14(58) 3(65) 19(72) 6(82) 7(92)
Cost 30039.85
DetCost 25475
Time 171.40
InDoor #1: 18(3) 0(12) 6(19) 15(29) 5(36) 7(44) 13(49)
InDoor #2: 2(5) 10(13) 1(23) 11(31) 12(37) 19(43)
InDoor #3: 17(2) 3(12) 14(19) 4(25) 9(34) 8(40) 16(49)
OuDoor #1: 16(44) 8(54) 4(61) 3(70) 2(77) 11(84) 1(93)
OuDoor #2: 5(46) 15(55) 17(62) 9(72) 13(80) 0(88)
OuDoor #3: 10(41) 18(49) 14(59) 12(66) 19(72) 6(82) 7(92)
Cost 30026.08
DetCost 25970
Time 1366.35
InDoor #1: 18(3) 10(12) 11(22) 15(28) 13(35) 8(45)
InDoor #2: 2(5) 0(13) 14(20) 1(26) 4(34) 5(43) 16(51)
InDoor #3: 17(2) 3(12) 6(19) 7(29) 9(34) 12(39) 19(45)
OuDoor #1: 18(41) 5(51) 14(60) 17(67) 2(77) 11(84) 1(93)
OuDoor #2: 10(44) 8(52) 15(59) 12(66) 9(72) 13(80) 0(88)
OuDoor #3: 16(46) 4(56) 3(65) 19(72) 6(82) 7(92)
Cost 29805.47
DetCost 26060
Time 695.69
InDoor #1: 2(5) 10(13) 1(23) 11(31) 9(37) 7(42) 8(47)
InDoor #2: 17(2) 3(12) 6(19) 4(29) 12(38) 19(44)
InDoor #3: 18(3) 0(12) 14(19) 15(25) 13(32) 5(42) 16(50)
OuDoor #1: 5(45) 14(54) 12(61) 17(67) 2(77) 11(84)
OuDoor #2: 10(42) 8(50) 15(57) 3(64) 9(71) 13(79) 0(87) 7(92)
OuDoor #3: 16(44) 18(54) 4(64) 19(73) 6(83) 1(93)
Cost 30080.24
DetCost 26719
Time 412.60
InDoor #1: 2(5) 3(13) 14(20) 1(26) 7(34) 12(39) 8(45)
InDoor #2: 17(2) 0(12) 6(19) 15(29) 5(36) 13(44)
InDoor #3: 18(3) 10(12) 11(22) 4(28) 9(37) 19(42) 16(51)
OuDoor #1: 10(40) 5(48) 15(57) 12(64) 17(70) 13(80) 0(88)
OuDoor #2: 16(43) 8(53) 4(60) 9(69) 2(77) 11(84) 1(93)
OuDoor #3: 18(48) 14(58) 3(65) 19(72) 6(82) 7(92)
Cost 29764.93
DetCost 26053
Time 1721.31
InDoor #1: 2(5) 10(13) 11(23) 4(29) 9(38) 13(43)
InDoor #2: 17(2) 3(12) 6(19) 15(29) 5(36) 19(44) 16(53)
InDoor #3: 18(3) 0(12) 14(19) 1(25) 7(33) 12(38) 8(44)
OuDoor #1: 10(44) 14(52) 15(59) 3(66) 19(73) 6(83)
OuDoor #2: 18(43) 8(53) 4(60) 9(69) 2(77) 11(84) 1(93)
OuDoor #3: 16(44) 5(54) 12(63) 17(69) 13(79) 0(87) 7(92)
Cost 30107.33
DetCost 25265
Time 1165.86
InDoor #1: 17(2) 0(12) 6(19) 15(29) 5(36) 13(44)
InDoor #2: 2(5) 3(13) 14(20) 1(26) 7(34) 12(39) 19(45)
InDoor #3: 18(3) 10(12) 11(22) 4(28) 9(37) 8(42) 16(51)
OuDoor #1: 16(45) 8(55) 4(62) 9(71) 13(79) 0(87) 7(92)
OuDoor #2: 10(40) 5(48) 15(57) 12(64) 3(70) 2(77) 11(84)
OuDoor #3: 18(46) 14(56) 17(63) 19(73) 6(83) 1(93)
Cost 29830.10
DetCost 26792
Time 349.80
InDoor #1: 18(3) 3(12) 14(19) 1(25) 7(33) 13(38) 8(48)
InDoor #2: 2(5) 0(13) 6(20) 4(30) 12(39) 19(45)
InDoor #3: 17(2) 10(12) 11(22) 15(28) 9(35) 5(40) 16(48)
OuDoor #1: 10(45) 8(53) 15(60) 17(67) 2(77) 11(84)
OuDoor #2: 18(39) 5(49) 12(58) 3(64) 9(71) 13(79) 0(87) 7(92)
OuDoor #3: 16(47) 14(57) 4(64) 19(73) 6(83) 1(93)
Cost 29967.40
DetCost 27092
Time 144.66
