InDoor #1: 23(5) 9(33) 4(64) 25(77) 5(314) 13(344)
InDoor #2: 14(14) 28(30) 10(49) 11(59) 6(92) 1(140)
InDoor #3: 32(88) 16(103) 15(141) 3(169) 38(193) 31(203) 27(253)
InDoor #4: 26(75) 17(122) 34(138) 22(147) 8(160) 29(255) 20(351)
InDoor #5: 33(104) 19(117) 24(126) 18(243) 21(294) 7(342) 37(367)
InDoor #6: 30(19) 36(104) 2(125) 0(246) 35(274) 39(311) 12(321)
OuDoor #1: 19(82) 26(113) 14(233) 29(303) 9(388) 7(394)
OuDoor #2: 6(113) 18(189) 3(195) 11(366) 10(389) 1(399)
OuDoor #3: 25(50) 27(104) 0(118) 28(159) 31(181) 5(393) 37(403)
OuDoor #4: 38(90) 12(130) 39(152) 24(273) 4(365) 8(387) 16(395)
OuDoor #5: 21(137) 35(146) 22(166) 15(173) 30(182) 23(317) 33(385)
OuDoor #6: 32(166) 17(194) 2(263) 34(316) 36(351) 13(386) 20(396)
Cost 348071.95
DetCost 345438
Time 1531.63
InDoor #1: 23(5) 28(30) 10(49) 38(193) 35(274) 21(294)
InDoor #2: 14(14) 9(33) 4(64) 25(77) 16(103) 18(243)
InDoor #3: 26(75) 6(92) 33(104) 2(125) 15(141) 22(148) 0(246)
InDoor #4: 17(122) 34(138) 3(169) 29(255) 5(314) 7(342) 37(367)
InDoor #5: 32(88) 19(117) 1(140) 8(160) 27(253) 12(317) 39(323) 20(351)
InDoor #6: 30(19) 11(50) 36(104) 24(124) 31(197) 13(344)
OuDoor #1: 25(50) 23(317) 36(346) 11(368) 10(389) 8(398)
OuDoor #2: 19(81) 38(90) 0(118) 35(146) 17(192) 29(295) 1(398)
OuDoor #3: 6(113) 12(130) 28(159) 22(167) 18(189) 2(263)
OuDoor #4: 26(113) 39(152) 32(164) 15(173) 30(182) 3(191) 24(273) 13(386)
OuDoor #5: 27(104) 21(137) 31(181) 14(224) 4(365) 33(385) 16(395)
OuDoor #6: 34(322) 7(391) 20(399) 37(409) 9(418) 5(424)
Cost 347541.02
DetCost 345595
Time 1605.63
InDoor #1: 30(19) 11(50) 25(77) 3(169) 38(193) 29(255)
InDoor #2: 23(5) 33(104) 2(125) 8(160) 27(253) 35(274)
InDoor #3: 14(14) 10(49) 32(88) 16(103) 17(122) 12(317) 7(342) 37(367)
InDoor #4: 9(33) 4(64) 26(75) 6(92) 34(138) 22(147)
InDoor #5: 28(30) 19(117) 15(141) 31(197) 18(243) 39(311) 20(351)
InDoor #6: 36(104) 24(124) 1(140) 0(246) 21(294) 5(314) 13(344)
OuDoor #1: 18(187) 17(193) 24(273) 8(390) 9(398) 10(404)
OuDoor #2: 32(171) 31(181) 3(190) 14(230) 29(293) 36(351) 16(395)
OuDoor #3: 27(104) 0(118) 12(130) 35(146) 13(386) 1(396)
OuDoor #4: 19(81) 38(90) 6(113) 39(152) 15(173) 30(182) 4(365)
OuDoor #5: 25(50) 26(113) 21(137) 28(159) 11(364) 33(385) 20(398)
OuDoor #6: 22(169) 2(263) 34(312) 23(322) 7(391) 5(399) 37(409)
Cost 347605.89
DetCost 345630
Time 1580.90
InDoor #1: 30(19) 33(104) 2(125) 1(140) 38(193) 18(243)
InDoor #2: 15(141) 8(160) 0(246) 39(311) 7(342) 20(351)
InDoor #3: 9(33) 10(49) 25(77) 32(88) 34(138) 22(147) 3(169)
InDoor #4: 23(5) 14(14) 28(30) 11(50) 26(75) 16(103) 24(124)
InDoor #5: 6(92) 36(104) 17(122) 31(197) 29(255) 35(274) 37(367)
InDoor #6: 4(64) 19(117) 27(253) 21(294) 5(314) 12(322) 13(344)
OuDoor #1: 12(130) 35(146) 15(173) 29(301) 9(398) 20(404)
OuDoor #2: 28(159) 31(181) 18(189) 14(230) 2(263) 36(351) 4(365)
OuDoor #3: 27(104) 39(152) 32(162) 10(388) 5(397) 37(407)
OuDoor #4: 25(50) 38(90) 0(118) 30(182) 3(191) 33(381) 8(391) 1(399)
OuDoor #5: 6(113) 17(192) 24(273) 34(316) 11(367) 7(387) 16(395)
OuDoor #6: 19(82) 26(113) 21(137) 22(171) 23(317) 13(386)
Cost 347864.14
DetCost 345434
Time 1688.35
InDoor #1: 23(5) 25(77) 16(103) 15(141) 38(193) 39(311)
InDoor #2: 30(19) 9(33) 10(49) 11(59) 6(92) 1(140) 35(274)
InDoor #3: 28(30) 4(64) 26(75) 24(124) 34(138) 5(314)
InDoor #4: 32(88) 19(117) 2(126) 22(147) 8(160) 3(169) 29(255)
InDoor #5: 36(104) 17(122) 18(243) 27(253) 21(294) 20(351) 37(367)
InDoor #6: 14(14) 33(104) 31(197) 0(246) 12(317) 7(342) 13(347)
OuDoor #1: 0(118) 29(295) 11(368) 10(390) 5(399) 37(409)
OuDoor #2: 19(82) 6(113) 28(159) 15(173) 7(394) 20(402)
OuDoor #3: 25(50) 38(90) 26(113) 39(152) 30(180) 3(189) 17(194) 16(395)
OuDoor #4: 27(104) 21(137) 32(163) 22(172) 31(181) 24(273)
OuDoor #5: 12(130) 35(146) 18(189) 34(312) 23(322) 4(365) 13(386)
OuDoor #6: 14(225) 2(263) 36(351) 33(381) 8(391) 1(399) 9(409)
Cost 347669.55
DetCost 345629
Time 1701.60
InDoor #1: 11(50) 15(141) 38(193) 27(253) 7(342) 20(351)
InDoor #2: 6(92) 24(124) 34(138) 22(147) 8(160) 29(255)
InDoor #3: 28(30) 4(64) 32(88) 16(103) 2(125) 1(140) 3(169)
InDoor #4: 30(19) 25(77) 33(104) 17(122) 21(294) 13(344) 37(367)
InDoor #5: 9(33) 26(75) 19(117) 31(197) 0(246) 35(274) 5(314)
InDoor #6: 14(14) 23(20) 10(49) 36(104) 18(243) 39(311) 12(321)
OuDoor #1: 26(113) 28(159) 22(167) 30(182) 36(351) 4(365)
OuDoor #2: 6(113) 35(146) 39(152) 15(173) 31(181) 24(273)
OuDoor #3: 25(50) 19(82) 27(104) 0(118) 29(297) 11(366) 16(395)
OuDoor #4: 38(90) 18(189) 14(224) 33(380) 8(390) 9(398) 20(404)
OuDoor #5: 21(137) 32(171) 17(190) 3(199) 2(263) 34(316) 13(386) 1(396)
OuDoor #6: 12(130) 23(322) 10(385) 7(394) 37(402) 5(411)
Cost 347577.72
DetCost 345436
Time 1775.78
InDoor #1: 14(14) 32(88) 33(104) 24(124) 29(255) 20(351)
InDoor #2: 28(30) 26(75) 16(103) 18(243) 27(253) 35(274)
InDoor #3: 6(92) 36(104) 17(122) 1(140) 22(148) 0(246) 7(342)
InDoor #4: 9(33) 25(77) 15(141) 8(160) 3(169) 38(193) 21(294)
InDoor #5: 23(5) 4(64) 19(117) 34(138) 31(197) 5(314) 39(322) 37(367)
InDoor #6: 30(19) 11(50) 10(56) 2(125) 12(317) 13(344)
OuDoor #1: 27(104) 22(172) 24(273) 4(365) 10(394) 20(404)
OuDoor #2: 25(50) 0(118) 12(130) 18(189) 36(351) 7(394)
OuDoor #3: 6(113) 15(173) 2(263) 29(295) 11(366) 8(391) 1(399)
OuDoor #4: 38(90) 26(113) 28(159) 32(171) 31(181) 23(317) 16(395)
OuDoor #5: 19(82) 21(137) 35(146) 39(152) 17(190) 14(222) 13(386)
OuDoor #6: 30(182) 3(192) 34(318) 33(385) 5(395) 37(405) 9(414)
Cost 347602.36
DetCost 345449
Time 1722.45
InDoor #1: 14(14) 2(125) 1(140) 38(193) 0(246) 21(294)
InDoor #2: 23(5) 16(103) 15(141) 3(169) 31(197) 18(243)
InDoor #3: 25(77) 6(92) 33(104) 34(138) 22(147) 35(274) 20(351)
InDoor #4: 4(64) 32(88) 17(122) 8(160) 12(317) 39(323) 37(367)
InDoor #5: 28(30) 11(50) 26(75) 19(117) 29(255) 5(314) 7(342)
InDoor #6: 30(19) 9(33) 10(49) 36(104) 24(124) 27(253) 13(344)
OuDoor #1: 35(146) 3(189) 17(194) 2(263) 23(317) 33(385)
OuDoor #2: 0(118) 28(159) 18(189) 29(295) 37(393) 20(402)
OuDoor #3: 19(82) 6(113) 12(130) 39(152) 30(182) 4(365) 1(395)
OuDoor #4: 38(90) 27(104) 26(113) 22(166) 15(173) 31(181) 34(322) 13(386)
OuDoor #5: 25(50) 21(137) 32(166) 24(273) 36(351) 7(387) 16(395)
OuDoor #6: 14(233) 11(367) 9(385) 10(391) 8(400) 5(415)
Cost 347658.20
DetCost 345434
Time 1744.04
InDoor #1: 33(104) 24(124) 0(246) 29(255) 13(344) 37(367)
InDoor #2: 10(49) 4(64) 15(141) 18(243) 27(253) 5(314)
InDoor #3: 14(14) 28(30) 11(50) 16(103) 34(138) 22(147) 8(160) 38(193)
InDoor #4: 9(33) 32(88) 36(104) 2(125) 1(140) 3(169)
InDoor #5: 26(75) 6(92) 17(122) 31(197) 35(274) 21(294) 7(342)
InDoor #6: 23(5) 30(19) 25(77) 19(117) 39(311) 12(321) 20(351)
OuDoor #1: 2(263) 24(273) 11(368) 13(385) 16(395) 9(404)
OuDoor #2: 19(82) 12(130) 28(159) 34(320) 8(391) 1(399)
OuDoor #3: 25(50) 0(118) 39(152) 32(162) 22(172) 31(181) 17(190) 7(393)
OuDoor #4: 27(104) 15(173) 3(184) 18(189) 36(351) 33(385)
OuDoor #5: 6(113) 35(146) 30(182) 14(222) 29(293) 5(397) 37(407)
OuDoor #6: 38(90) 26(113) 21(137) 23(322) 4(365) 10(394) 20(404)
Cost 347951.93
DetCost 345429
Time 1371.84
InDoor #1: 23(5) 30(19) 16(103) 8(160) 3(169) 35(274)
InDoor #2: 14(14) 28(30) 26(75) 6(92) 15(141) 22(148)
InDoor #3: 9(33) 32(88) 2(125) 34(138) 21(294) 12(317) 5(323) 37(367)
InDoor #4: 25(77) 36(104) 19(117) 24(126) 1(140) 13(344)
InDoor #5: 4(64) 17(122) 18(243) 29(255) 39(311) 7(342) 20(351)
InDoor #6: 11(50) 10(56) 33(104) 38(193) 31(203) 0(246) 27(253)
OuDoor #1: 0(118) 15(173) 31(181) 29(293) 11(368) 16(395)
OuDoor #2: 6(113) 35(146) 28(159) 18(189) 33(384) 7(394)
OuDoor #3: 25(50) 27(104) 26(113) 39(152) 22(169) 30(182) 3(192) 13(386)
OuDoor #4: 38(90) 21(137) 32(165) 17(194) 34(316) 37(398)
OuDoor #5: 19(82) 24(273) 23(322) 4(365) 10(387) 8(396) 20(404) 5(415)
OuDoor #6: 12(130) 14(227) 2(263) 36(351) 9(389) 1(399)
Cost 347718.66
DetCost 345439
Time 787.56
