InDoor #1: 30(45) 26(129) 2(241) 31(251)
InDoor #2: 27(133) 13(180) 9(199) 20(217)
InDoor #3: 16(21) 4(29) 33(184) 29(217)
InDoor #4: 10(15) 8(25) 11(212) 28(262)
InDoor #5: 34(28) 15(41) 7(48) 1(130) 17(170)
InDoor #6: 19(19) 5(186) 14(194) 24(200)
InDoor #7: 6(74) 3(115) 23(165) 12(172) 32(190)
InDoor #8: 21(66) 18(93) 25(127) 22(175) 0(182)
OuDoor #1: 22(61) 20(83) 32(88) 2(242)
OuDoor #2: 9(63) 24(72) 1(81) 4(243)
OuDoor #3: 28(116) 0(234) 25(286) 21(296)
OuDoor #4: 12(88) 27(97) 17(239) 29(249) 13(280)
OuDoor #5: 14(157) 19(217) 31(267) 26(281)
OuDoor #6: 15(100) 3(109) 8(205) 16(279)
OuDoor #7: 6(90) 18(120) 10(134) 33(237) 23(297)
OuDoor #8: 30(150) 7(187) 5(223) 34(232) 11(238)
Cost 83443.56
DetCost 83079
Time 1646.66
InDoor #1: 8(20) 21(66) 27(133) 24(192)
InDoor #2: 19(19) 7(30) 26(129) 28(262)
InDoor #3: 30(45) 1(130) 9(199) 11(212)
InDoor #4: 18(93) 13(180) 32(190) 20(217) 2(241)
InDoor #5: 34(28) 15(41) 3(115) 0(180) 29(217)
InDoor #6: 16(21) 23(165) 12(172) 31(251)
InDoor #7: 10(15) 25(127) 17(170) 5(186)
InDoor #8: 4(14) 6(74) 22(175) 33(184) 14(192)
OuDoor #1: 27(85) 3(92) 15(102) 26(281)
OuDoor #2: 32(88) 14(157) 13(280) 21(296)
OuDoor #3: 22(61) 33(235) 25(287) 23(297)
OuDoor #4: 1(79) 24(89) 11(232) 2(241)
OuDoor #5: 18(120) 10(134) 19(217) 0(234) 16(280)
OuDoor #6: 9(63) 28(116) 5(230) 17(239)
OuDoor #7: 30(150) 8(205) 34(228) 29(238) 4(246)
OuDoor #8: 12(74) 20(82) 6(90) 7(187) 31(284)
Cost 83448.45
DetCost 83075
Time 1447.09
InDoor #1: 6(74) 25(127) 23(165) 12(172)
InDoor #2: 19(19) 26(129) 17(170) 5(186)
InDoor #3: 4(14) 7(30) 34(35) 13(180)
InDoor #4: 10(15) 18(93) 3(115) 1(130) 22(175)
InDoor #5: 8(20) 15(41) 9(199) 11(212)
InDoor #6: 30(45) 29(217) 28(262) 31(269)
InDoor #7: 16(21) 27(133) 0(180) 33(187) 20(217) 2(241)
InDoor #8: 21(66) 14(178) 24(192) 32(201)
OuDoor #1: 20(82) 6(90) 30(150) 11(238)
OuDoor #2: 27(93) 15(100) 3(109) 8(205)
OuDoor #3: 1(86) 19(217) 34(225) 33(236)
OuDoor #4: 28(108) 18(117) 10(134) 7(187)
OuDoor #5: 12(71) 24(79) 32(88) 14(157)
OuDoor #6: 22(61) 0(234) 31(265) 13(280) 23(290) 21(296)
OuDoor #7: 17(234) 4(244) 26(281) 25(288)
OuDoor #8: 9(63) 5(227) 29(236) 2(242) 16(279)
Cost 83463.22
DetCost 83077
Time 1113.34
InDoor #1: 26(129) 27(139) 22(175) 5(186)
InDoor #2: 18(93) 1(130) 23(165) 12(172) 29(217)
InDoor #3: 8(20) 21(66) 3(115) 20(217)
InDoor #4: 10(15) 16(25) 11(212) 28(262)
InDoor #5: 34(28) 30(45) 25(127) 17(170) 2(241)
InDoor #6: 7(30) 33(184) 32(192) 24(198)
InDoor #7: 19(19) 4(28) 6(74) 9(199)
InDoor #8: 15(41) 13(180) 0(190) 14(197) 31(251)
OuDoor #1: 7(187) 8(205) 31(265) 16(280)
OuDoor #2: 27(81) 32(88) 18(117) 0(234)
OuDoor #3: 24(77) 1(86) 11(232) 4(243) 26(281)
OuDoor #4: 9(63) 10(134) 14(159) 13(280)
OuDoor #5: 22(61) 3(95) 15(105) 30(150) 17(239)
OuDoor #6: 19(217) 34(226) 33(237) 25(286) 21(296)
OuDoor #7: 12(79) 6(90) 28(116) 2(242) 29(252)
OuDoor #8: 20(95) 5(241) 23(297)
Cost 83459.02
DetCost 83079
Time 766.57
InDoor #1: 26(129) 33(184) 9(199) 32(204)
InDoor #2: 6(74) 13(180) 0(190) 2(241)
InDoor #3: 23(165) 12(172) 20(217) 28(262)
InDoor #4: 8(20) 30(45) 7(53) 18(93) 29(217)
InDoor #5: 34(28) 21(66) 3(115) 5(186)
InDoor #6: 25(127) 22(175) 14(182) 11(212)
InDoor #7: 10(15) 15(41) 1(130) 24(192) 31(251)
InDoor #8: 4(14) 19(23) 16(32) 27(133) 17(170)
OuDoor #1: 9(63) 19(217) 34(225) 33(236)
OuDoor #2: 24(78) 6(90) 3(109) 31(284)
OuDoor #3: 11(236) 4(245) 13(280) 21(296)
OuDoor #4: 22(61) 5(225) 0(234) 26(281)
OuDoor #5: 18(120) 14(159) 8(205) 17(239)
OuDoor #6: 10(134) 30(150) 7(187) 16(280) 23(297)
OuDoor #7: 32(87) 27(95) 15(102) 28(116) 25(287)
OuDoor #8: 12(78) 20(86) 1(91) 29(236) 2(242)
Cost 83487.05
DetCost 83086
Time 1478.49
InDoor #1: 23(165) 12(172) 5(186) 32(194)
InDoor #2: 18(93) 3(115) 27(133) 0(180)
InDoor #3: 19(19) 7(30) 6(74) 22(175)
InDoor #4: 34(28) 30(45) 1(130) 11(212)
InDoor #5: 8(20) 14(178) 9(199) 29(217) 31(251)
InDoor #6: 24(192) 20(217) 2(241) 28(262)
InDoor #7: 16(21) 4(29) 15(41) 26(129) 13(180)
InDoor #8: 10(15) 21(66) 25(127) 17(170) 33(184)
OuDoor #1: 8(205) 29(236) 17(242) 2(252)
OuDoor #2: 28(108) 18(117) 10(134) 25(287)
OuDoor #3: 24(78) 6(90) 7(187) 21(296)
OuDoor #4: 22(61) 12(73) 20(81) 1(86)
OuDoor #5: 32(88) 14(157) 5(225) 0(234) 4(241)
OuDoor #6: 9(63) 27(97) 11(234) 13(280)
OuDoor #7: 19(217) 34(225) 33(235) 26(281) 23(297)
OuDoor #8: 3(92) 15(102) 30(150) 31(264) 16(279)
Cost 83454.45
DetCost 83081
Time 1566.90
InDoor #1: 6(74) 0(180) 24(192) 20(217)
InDoor #2: 19(19) 34(28) 5(186) 29(217)
InDoor #3: 4(14) 16(23) 7(31) 27(133)
InDoor #4: 10(15) 15(41) 3(115) 1(130)
InDoor #5: 21(66) 25(127) 22(175) 33(184) 11(212)
InDoor #6: 18(93) 13(180) 2(241) 28(262)
InDoor #7: 8(20) 30(45) 14(178) 17(184) 9(199)
InDoor #8: 26(129) 23(165) 12(172) 32(190) 31(251)
OuDoor #1: 24(78) 6(90) 34(225) 33(237)
OuDoor #2: 8(205) 0(234) 31(266) 16(281)
OuDoor #3: 19(214) 5(225) 11(234) 4(243)
OuDoor #4: 1(77) 27(87) 32(94) 18(123) 10(134)
OuDoor #5: 30(150) 7(187) 2(242) 25(287)
OuDoor #6: 9(63) 12(88) 13(280) 21(296)
OuDoor #7: 22(61) 14(162) 29(234) 17(240) 26(281) 23(297)
OuDoor #8: 20(86) 15(91) 28(100) 3(109)
Cost 83501.86
DetCost 83092
Time 1739.47
InDoor #1: 1(130) 14(178) 0(184) 32(191)
InDoor #2: 21(66) 23(165) 12(172) 5(186)
InDoor #3: 6(74) 22(175) 17(182) 20(217)
InDoor #4: 8(20) 29(217) 28(262) 31(269)
InDoor #5: 16(21) 10(29) 3(115) 26(129)
InDoor #6: 4(14) 34(28) 30(45) 25(127) 11(212)
InDoor #7: 19(19) 27(133) 13(180) 9(199) 24(204) 2(241)
InDoor #8: 15(41) 7(48) 18(93) 33(184)
OuDoor #1: 12(81) 24(89) 25(286) 21(296)
OuDoor #2: 6(90) 14(157) 8(205) 23(297)
OuDoor #3: 1(78) 32(88) 15(96) 7(187)
OuDoor #4: 27(97) 19(217) 0(234) 13(280)
OuDoor #5: 10(134) 33(234) 31(267) 26(281)
OuDoor #6: 22(61) 30(150) 11(231) 34(240) 4(246)
OuDoor #7: 9(63) 5(223) 29(232) 17(238) 2(248)
OuDoor #8: 20(95) 3(107) 18(117) 28(127) 16(281)
Cost 83509.76
DetCost 83088
Time 1076.56
InDoor #1: 12(149) 0(180) 23(187) 28(262)
InDoor #2: 7(30) 1(130) 13(180) 20(217)
InDoor #3: 18(93) 3(115) 9(199) 29(217)
InDoor #4: 30(45) 6(74) 26(129) 11(212)
InDoor #5: 19(19) 8(28) 4(37) 27(133)
InDoor #6: 16(21) 10(29) 34(39) 15(46) 21(66) 31(251)
InDoor #7: 25(127) 5(186) 33(194) 32(202)
InDoor #8: 17(170) 22(180) 24(192) 14(201) 2(241)
OuDoor #1: 15(102) 14(157) 11(236) 13(280)
OuDoor #2: 33(234) 31(267) 26(281) 23(297)
OuDoor #3: 18(117) 10(134) 0(234) 4(241) 16(279)
OuDoor #4: 22(61) 20(82) 6(90) 5(241)
OuDoor #5: 12(74) 27(82) 24(89) 19(217)
OuDoor #6: 32(88) 7(177) 25(286) 21(296)
OuDoor #7: 9(63) 30(150) 8(205) 29(236) 2(242)
OuDoor #8: 1(86) 28(100) 3(109) 34(233) 17(239)
Cost 83661.47
DetCost 83059
Time 1683.07
InDoor #1: 16(21) 26(129) 13(180) 14(190)
InDoor #2: 19(19) 21(66) 11(212) 2(241)
InDoor #3: 10(15) 34(28) 27(133) 9(199) 24(204)
InDoor #4: 4(14) 7(30) 15(41) 29(217)
InDoor #5: 3(115) 33(184) 20(217) 28(262)
InDoor #6: 8(20) 18(93) 22(175) 31(251)
InDoor #7: 6(74) 25(127) 23(165) 12(172) 5(186)
InDoor #8: 30(45) 1(130) 17(170) 0(180) 32(190)
OuDoor #1: 3(109) 29(232) 11(238) 34(247)
OuDoor #2: 28(116) 5(231) 4(246) 25(287)
OuDoor #3: 24(70) 15(79) 12(88) 33(234)
OuDoor #4: 0(234) 2(242) 31(267) 26(281) 21(296)
OuDoor #5: 18(120) 10(134) 19(217) 13(280)
OuDoor #6: 27(97) 7(187) 16(278) 23(297)
OuDoor #7: 9(63) 1(72) 6(90) 30(150) 14(159) 8(205)
OuDoor #8: 22(61) 20(83) 32(88) 17(242)
Cost 83449.55
DetCost 83084
Time 1638.69
