InDoor #1: 36(4) 30(19) 24(27) 15(41) 47(50) 4(64) 35(74) 6(92) 46(102)
InDoor #2: 39(11) 2(25) 9(33) 1(40) 11(50) 29(56) 37(67) 21(94)
InDoor #3: 12(17) 43(24) 41(30) 13(44) 20(54) 3(69) 25(77) 32(88) 31(97)
InDoor #4: 16(3) 14(14) 17(22) 28(32) 7(42) 22(47) 10(54) 49(65) 26(75) 42(86)
InDoor #5: 23(5) 19(17) 40(26) 34(38) 0(46) 27(53) 8(61)
InDoor #6: 33(4) 5(14) 48(22) 44(30) 18(43) 45(52) 38(93)
OuDoor #1: 22(56) 33(65) 34(70) 42(76) 14(82) 7(88) 30(97) 45(112)
OuDoor #2: 26(53) 0(65) 39(74) 32(86) 29(94) 44(108) 36(119) 4(124) 16(133)
OuDoor #3: 3(51) 38(62) 11(71) 31(78) 15(88) 19(98) 10(104) 13(115) 9(124) 28(133)
OuDoor #4: 41(48) 37(58) 27(66) 48(75) 46(80) 47(93) 18(99) 17(110) 1(125)
OuDoor #5: 2(52) 43(68) 40(74) 12(84) 8(108) 49(127) 25(132)
OuDoor #6: 6(55) 24(66) 23(76) 20(86) 5(127) 21(132) 35(140)
Cost 428604.32
DetCost 404637
Time 1796.08
InDoor #1: 39(11) 43(24) 44(29) 1(40) 45(48) 8(60) 35(74) 6(92)
InDoor #2: 36(4) 14(14) 48(22) 41(30) 15(41) 20(51) 29(56) 31(97)
InDoor #3: 33(4) 5(14) 17(22) 28(32) 7(42) 22(47) 11(54) 37(67) 21(94)
InDoor #4: 19(17) 2(26) 9(34) 13(44) 47(54) 4(64) 25(77) 38(93)
InDoor #5: 30(19) 40(27) 34(38) 0(46) 27(53) 49(65) 26(75) 42(86) 46(99)
InDoor #6: 16(3) 23(11) 12(18) 24(24) 18(43) 10(52) 3(69) 32(88)
OuDoor #1: 6(55) 33(68) 48(73) 34(78) 7(88) 4(124)
OuDoor #2: 3(51) 0(64) 11(73) 46(80) 29(94) 13(115) 16(133)
OuDoor #3: 26(51) 37(58) 27(68) 31(77) 20(86) 45(112)
OuDoor #4: 41(48) 38(60) 43(68) 42(76) 14(82) 15(88) 10(100) 17(110) 1(123) 49(132) 9(137)
OuDoor #5: 2(52) 24(64) 39(74) 12(84) 47(93) 18(99) 44(108) 28(117) 25(126) 21(132) 35(140)
OuDoor #6: 22(56) 40(66) 23(76) 32(86) 30(95) 19(101) 8(108) 5(123) 36(128)
Cost 426435.33
DetCost 401776
Time 423.29
InDoor #1: 36(4) 30(19) 24(27) 1(40) 45(48) 8(60) 3(69) 25(77) 6(92)
InDoor #2: 14(14) 48(22) 9(33) 15(41) 11(50) 29(56) 26(75) 31(97)
InDoor #3: 19(17) 40(26) 34(38) 0(46) 20(53) 37(67) 32(88) 21(94) 46(102)
InDoor #4: 39(11) 17(22) 28(32) 7(42) 22(47) 47(54) 4(64) 35(74) 42(86)
InDoor #5: 33(4) 5(14) 43(24) 41(30) 13(44) 27(54) 49(65) 38(93)
InDoor #6: 16(3) 23(11) 12(18) 2(25) 44(33) 18(43) 10(52)
OuDoor #1: 26(53) 0(64) 48(73) 34(78) 14(84) 30(95) 45(112) 4(124)
OuDoor #2: 22(55) 40(64) 42(74) 46(80) 47(93) 18(99) 44(107) 13(115) 36(125)
OuDoor #3: 2(52) 33(65) 11(70) 31(77) 20(86) 10(104) 21(124) 9(132)
OuDoor #4: 41(48) 37(58) 43(68) 39(74) 12(84) 29(91) 19(101) 8(108) 16(133)
OuDoor #5: 3(51) 38(62) 27(70) 32(80) 15(88) 17(110) 1(124) 28(133)
OuDoor #6: 6(55) 24(66) 23(76) 7(88) 5(127) 25(132) 35(138) 49(147)
Cost 426196.53
DetCost 400168
Time 1729.04
InDoor #1: 23(5) 12(17) 43(24) 24(29) 15(41) 11(50) 29(56) 37(67) 38(93)
InDoor #2: 16(3) 5(14) 30(22) 41(30) 13(44) 20(54) 8(60) 35(74) 46(99)
InDoor #3: 19(17) 40(26) 9(35) 1(40) 10(49) 49(65) 26(75) 42(86)
InDoor #4: 36(4) 17(22) 34(38) 0(46) 45(53) 4(64) 25(77) 21(94)
InDoor #5: 39(11) 2(25) 28(33) 7(42) 22(47) 27(54) 3(69) 6(92)
InDoor #6: 33(4) 14(14) 48(22) 44(30) 18(43) 47(52) 32(88) 31(97)
OuDoor #1: 22(56) 27(68) 31(77) 20(86) 5(124) 35(129) 21(136) 16(144) 49(154)
OuDoor #2: 26(53) 0(64) 48(73) 34(78) 12(84) 29(94) 10(104) 28(119) 36(128)
OuDoor #3: 41(48) 37(58) 33(68) 11(73) 46(80) 47(93) 18(99) 8(108)
OuDoor #4: 2(52) 40(66) 42(76) 14(82) 15(88) 45(112) 1(123) 25(132)
OuDoor #5: 3(50) 38(60) 43(68) 39(74) 32(86) 30(98) 17(110) 4(124) 9(132)
OuDoor #6: 6(55) 24(66) 23(76) 7(88) 19(101) 44(107) 13(115)
Cost 425567.18
DetCost 402438
Time 1058.46
InDoor #1: 33(4) 14(14) 30(20) 24(28) 18(43) 47(52) 3(69) 25(77) 46(99)
InDoor #2: 16(3) 39(11) 17(22) 28(32) 7(42) 0(47) 27(54) 4(64) 26(75) 6(92)
InDoor #3: 12(17) 2(25) 9(33) 1(40) 22(48) 45(55) 49(65) 42(86) 31(97)
InDoor #4: 36(4) 5(14) 40(26) 34(38) 10(49) 35(74) 32(88) 21(94)
InDoor #5: 23(5) 48(22) 44(30) 15(41) 20(51) 29(56) 37(67) 38(93)
InDoor #6: 19(17) 43(26) 41(31) 13(44) 11(54) 8(60)
OuDoor #1: 3(51) 24(66) 23(76) 32(86) 19(101) 45(112) 25(127) 28(133)
OuDoor #2: 26(53) 38(60) 43(68) 39(74) 12(84) 47(93) 18(99) 17(110) 36(124)
OuDoor #3: 41(48) 37(58) 33(66) 48(71) 42(76) 14(82) 15(88) 8(108) 13(115)
OuDoor #4: 2(52) 0(64) 11(73) 46(80) 29(94) 10(104) 21(124) 9(132)
OuDoor #5: 22(56) 40(67) 31(77) 20(86) 30(98) 44(108) 4(124)
OuDoor #6: 6(55) 27(69) 34(78) 7(88) 1(123) 5(132) 35(137) 16(144) 49(154)
Cost 428117.38
DetCost 403328
Time 1683.51
InDoor #1: 23(5) 12(17) 48(23) 28(31) 15(41) 11(50) 29(56) 6(92)
InDoor #2: 39(11) 17(22) 41(32) 13(44) 47(54) 35(74) 32(88) 31(97)
InDoor #3: 14(14) 2(25) 9(33) 7(42) 22(47) 20(54) 8(60) 37(69) 42(86)
InDoor #4: 36(4) 19(17) 40(26) 34(38) 0(46) 27(53) 4(64) 25(77) 38(93)
InDoor #5: 16(3) 5(14) 43(24) 44(29) 1(40) 45(48) 49(65) 26(75) 46(99)
InDoor #6: 33(4) 30(19) 24(27) 18(43) 10(52) 3(69) 21(94)
OuDoor #1: 26(53) 0(65) 34(74) 46(80) 29(94) 21(122) 1(130) 49(139) 16(144)
OuDoor #2: 3(51) 33(66) 11(71) 31(78) 7(88) 10(104) 13(115) 4(124)
OuDoor #3: 41(48) 37(58) 27(67) 42(76) 14(82) 15(88) 19(101) 44(108) 9(128)
OuDoor #4: 2(52) 43(68) 39(74) 12(84) 47(92) 30(98) 17(110) 36(127)
OuDoor #5: 22(53) 38(62) 48(71) 40(76) 20(86) 18(99) 8(108) 28(123)
OuDoor #6: 6(55) 24(66) 23(76) 32(86) 45(112) 5(120) 35(125) 25(132)
Cost 426506.80
DetCost 401959
Time 1485.71
InDoor #1: 39(11) 48(22) 41(30) 13(44) 47(54) 25(77) 32(88) 46(99)
InDoor #2: 33(4) 5(14) 17(22) 28(32) 15(41) 11(50) 29(56) 4(64)
InDoor #3: 16(3) 12(17) 40(26) 9(35) 1(40) 10(49) 8(60) 26(75) 38(93)
InDoor #4: 14(14) 2(25) 34(38) 22(47) 20(54) 49(65) 35(74) 21(94)
InDoor #5: 36(4) 19(17) 43(26) 44(31) 7(42) 0(47) 27(54) 37(67) 42(86) 31(97)
InDoor #6: 23(5) 30(19) 24(27) 18(43) 45(52) 3(69) 6(92)
OuDoor #1: 3(51) 27(69) 31(78) 7(87) 18(96) 10(104) 35(126) 28(133)
OuDoor #2: 2(52) 0(65) 42(76) 14(82) 15(88) 44(108) 1(123) 25(132)
OuDoor #3: 41(48) 37(58) 33(68) 11(73) 46(80) 29(94) 17(110) 49(132) 16(137)
OuDoor #4: 26(53) 38(60) 43(68) 39(74) 12(84) 47(92) 30(98) 8(108) 4(124)
OuDoor #5: 22(56) 34(65) 48(71) 23(76) 20(86) 19(101) 13(115) 36(128)
OuDoor #6: 6(55) 24(66) 40(76) 32(86) 45(112) 5(124) 21(129) 9(137)
Cost 428932.67
DetCost 402237
Time 1508.95
InDoor #1: 36(4) 5(14) 44(24) 9(33) 13(44) 47(54) 4(64) 25(77) 6(92)
InDoor #2: 39(11) 48(22) 41(30) 7(42) 22(47) 10(54) 26(75) 31(97)
InDoor #3: 17(22) 28(32) 15(41) 20(51) 11(56) 3(69) 21(94)
InDoor #4: 23(5) 14(14) 30(20) 2(28) 1(40) 0(48) 29(55) 49(65) 35(74) 42(86) 46(99)
InDoor #5: 33(4) 19(17) 40(26) 34(38) 45(46) 37(67) 32(88) 38(94)
InDoor #6: 16(3) 12(17) 43(24) 24(29) 18(43) 27(53) 8(61)
OuDoor #1: 6(55) 43(68) 39(74) 12(84) 47(93) 49(128) 16(133)
OuDoor #2: 3(51) 27(67) 42(76) 14(82) 7(88) 18(99) 8(108) 13(115) 36(124)
OuDoor #3: 26(53) 38(62) 11(71) 31(78) 15(88) 45(112) 21(124) 9(132)
OuDoor #4: 41(48) 37(58) 0(65) 34(74) 46(80) 29(94) 10(104) 5(119) 4(124)
OuDoor #5: 2(52) 33(66) 48(71) 23(76) 20(86) 30(95) 19(101) 17(110) 28(123) 25(132)
OuDoor #6: 22(56) 24(66) 40(76) 32(86) 44(108) 35(128) 1(135)
Cost 427878.71
DetCost 405587
Time 44.49
InDoor #1: 16(3) 30(19) 44(27) 18(43) 27(53) 49(65) 35(74) 6(92)
InDoor #2: 19(17) 40(26) 1(40) 11(50) 47(56) 37(67) 31(97)
InDoor #3: 23(5) 5(14) 2(25) 9(33) 34(38) 0(46) 20(53) 3(69) 32(88) 21(94) 46(102)
InDoor #4: 36(4) 17(22) 28(32) 15(41) 10(49) 8(60) 25(77) 38(93)
InDoor #5: 39(11) 48(22) 41(30) 7(42) 22(47) 29(55) 4(64) 26(75) 42(86)
InDoor #6: 33(4) 14(14) 12(20) 43(26) 24(31) 13(44) 45(54)
OuDoor #1: 6(55) 24(66) 23(76) 32(86) 29(94) 9(128)
OuDoor #2: 41(48) 37(58) 0(65) 39(74) 20(86) 44(107) 13(115) 16(125) 5(135)
OuDoor #3: 2(52) 33(66) 11(71) 31(78) 15(88) 19(101) 45(112) 36(119) 4(124)
OuDoor #4: 22(56) 43(67) 48(73) 34(78) 12(84) 47(93) 17(110) 49(127) 21(132) 35(140)
OuDoor #5: 3(51) 40(66) 42(76) 14(82) 7(88) 18(99) 8(108) 1(128)
OuDoor #6: 26(53) 38(62) 27(70) 46(80) 30(98) 10(104) 25(127) 28(133)
Cost 429510.67
DetCost 401528
Time 497.66
InDoor #1: 23(5) 5(14) 48(22) 41(30) 13(44) 29(55) 32(88)
InDoor #2: 36(4) 14(14) 17(22) 28(32) 7(42) 22(47) 47(54) 35(74)
InDoor #3: 16(3) 39(11) 2(25) 9(33) 1(40) 0(48) 20(55) 8(60) 3(69) 38(93)
InDoor #4: 19(17) 40(26) 15(41) 11(50) 10(56) 49(66) 26(75) 21(94) 46(102)
InDoor #5: 30(19) 24(27) 34(38) 45(46) 37(67) 25(77) 42(86) 31(97)
InDoor #6: 33(4) 12(17) 43(24) 44(29) 18(43) 27(53) 4(64) 6(92)
OuDoor #1: 3(51) 39(64) 42(74) 46(80) 47(93) 28(133)
OuDoor #2: 26(53) 33(64) 27(69) 31(78) 7(88) 30(98) 44(108) 21(130) 35(138)
OuDoor #3: 41(48) 37(58) 43(67) 11(73) 14(80) 32(86) 29(94) 17(110) 4(124)
OuDoor #4: 2(52) 38(62) 48(72) 40(77) 15(88) 18(99) 45(112) 1(122) 25(131) 49(137) 16(142)
OuDoor #5: 22(56) 0(65) 23(76) 20(86) 19(101) 8(108) 13(115)
OuDoor #6: 6(55) 24(68) 34(78) 12(84) 10(104) 36(121) 9(126) 5(135)
Cost 429317.50
DetCost 402802
Time 1608.06
