InDoor #1: 2(5) 3(13) 1(20)
InDoor #2: 4(4) 6(13) 5(23)
InDoor #3: 7(2) 0(7) 9(14) 8(20)
OuDoor #1: 4(45) 5(51) 0(58)
OuDoor #2: 6(42) 3(50) 7(60)
OuDoor #3: 8(44) 2(53) 1(59) 9(65)
Cost 46.35
DetCost 44
Time 1750.12
InDoor #1: 4(4) 5(14) 8(22)
InDoor #2: 2(5) 9(13) 1(20)
InDoor #3: 7(2) 0(7) 6(14) 3(24)
OuDoor #1: 6(42) 8(50) 0(59)
OuDoor #2: 4(45) 1(51) 9(57) 7(66)
OuDoor #3: 2(43) 5(49) 3(56)
Cost 45.72
DetCost 45
Time 1087.55
InDoor #1: 4(4) 3(13) 8(20)
InDoor #2: 7(2) 0(7) 9(14) 1(20)
InDoor #3: 2(5) 6(13) 5(23)
OuDoor #1: 6(42) 1(50) 0(56) 7(66)
OuDoor #2: 5(45) 3(52) 9(62)
OuDoor #3: 4(46) 2(52) 8(58)
Cost 46.00
DetCost 46
Time 876.81
InDoor #1: 2(5) 6(13) 3(23)
InDoor #2: 4(4) 5(14) 1(22)
InDoor #3: 7(2) 0(7) 9(14) 8(20)
OuDoor #1: 2(43) 5(49) 3(56)
OuDoor #2: 4(44) 8(50) 0(59)
OuDoor #3: 6(43) 1(51) 9(57) 7(66)
Cost 49.28
DetCost 45
Time 667.69
InDoor #1: 4(4) 5(14) 1(22)
InDoor #2: 2(5) 6(13) 3(23)
InDoor #3: 7(2) 0(7) 9(14) 8(20)
OuDoor #1: 4(44) 1(50) 3(56)
OuDoor #2: 6(43) 5(51) 0(58)
OuDoor #3: 8(43) 2(52) 9(58) 7(67)
Cost 43.81
DetCost 41
Time 263.55
InDoor #1: 0(6) 5(14) 1(22)
InDoor #2: 4(4) 6(13) 3(23)
InDoor #3: 7(2) 2(7) 9(15) 8(20)
OuDoor #1: 4(45) 5(51) 0(58)
OuDoor #2: 6(43) 3(51) 1(61)
OuDoor #3: 8(43) 2(52) 9(58) 7(67)
Cost 50.08
DetCost 46
Time 478.82
InDoor #1: 4(4) 3(13) 8(20)
InDoor #2: 7(2) 0(7) 9(14) 1(20)
InDoor #3: 2(5) 6(13) 5(23)
OuDoor #1: 6(42) 2(52) 0(58)
OuDoor #2: 5(45) 3(52) 9(62)
OuDoor #3: 4(45) 1(51) 8(57) 7(66)
Cost 49.82
DetCost 47
Time 1193.78
InDoor #1: 0(6) 3(13) 8(20)
InDoor #2: 7(2) 2(7) 9(15) 1(20)
InDoor #3: 4(4) 6(13) 5(23)
OuDoor #1: 6(42) 1(50) 3(56)
OuDoor #2: 5(44) 8(51) 0(60)
OuDoor #3: 4(46) 2(52) 9(58) 7(67)
Cost 48.15
DetCost 43
Time 1758.45
InDoor #1: 7(2) 0(7) 3(14) 1(21)
InDoor #2: 4(4) 6(13) 5(23)
InDoor #3: 2(5) 9(13) 8(20)
OuDoor #1: 5(45) 2(52) 0(58)
OuDoor #2: 6(42) 4(50) 3(56) 7(66)
OuDoor #3: 8(44) 1(53) 9(59)
Cost 45.45
DetCost 41
Time 219.32
InDoor #1: 2(5) 6(13) 5(23)
InDoor #2: 7(2) 0(7) 9(14) 1(20)
InDoor #3: 4(4) 3(13) 8(20)
OuDoor #1: 5(46) 2(53) 9(59)
OuDoor #2: 4(44) 1(50) 3(56) 7(66)
OuDoor #3: 6(42) 8(50) 0(59)
Cost 46.48
DetCost 44
Time 1304.00
