InDoor #1: 14(14) 96(88) 53(121) 24(131) 30(219) 80(232) 2(325) 88(347) 1(540) 31(597)
InDoor #2: 23(5) 85(91) 84(176) 67(228) 73(243) 26(275) 56(312) 34(338) 83(346) 3(369) 37(376) 69(449) 6(492) 48(522) 58(538)
InDoor #3: 43(24) 32(88) 59(409) 27(453) 98(461)
InDoor #4: 28(30) 78(90) 22(147) 82(213) 11(250) 71(324) 8(360) 38(393) 51(466)
InDoor #5: 72(21) 60(47) 97(78) 89(130) 46(199) 86(320) 41(330) 77(460) 70(530)
InDoor #6: 54(22) 52(89) 16(103) 20(151) 65(274) 33(304) 90(441) 0(451) 66(482) 40(526) 94(544) 92(578)
InDoor #7: 91(119) 99(188) 61(200) 44(424)
InDoor #8: 13(144) 74(173) 57(195) 64(214) 18(243) 25(277) 7(342) 76(366) 79(373) 62(460) 4(467) 36(504) 93(514) 15(541) 50(565)
InDoor #9: 45(46) 49(65) 21(94) 39(111) 63(159) 42(186) 10(249) 47(259) 35(274) 12(317) 95(343) 9(433) 29(455) 55(524)
InDoor #10: 75(49) 68(173) 87(272) 5(314) 19(322) 17(331) 81(433)
OuDoor #1: 28(149) 26(248) 12(350) 85(437) 51(606) 63(630)
OuDoor #2: 36(112) 4(303) 34(321) 72(326) 91(363) 76(384) 60(419) 44(549) 94(561) 82(572)
OuDoor #3: 3(54) 30(119) 80(158) 75(274) 93(301) 40(403) 29(495) 19(522) 38(552) 83(560)
OuDoor #4: 8(102) 10(196) 74(328) 31(336) 50(471) 61(483) 92(489)
OuDoor #5: 0(120) 27(213) 47(239) 14(286) 43(393) 68(420) 49(471) 95(484) 24(551)
OuDoor #6: 6(123) 70(239) 16(450) 96(457) 17(485) 69(492) 66(567) 71(598)
OuDoor #7: 65(67) 79(107) 13(119) 22(174) 54(202) 78(213) 37(218) 62(288) 15(494) 32(566) 84(576) 48(633)
OuDoor #8: 20(95) 59(164) 64(210) 21(318) 58(328) 89(357) 55(370) 41(380) 33(418) 77(426) 53(517) 90(573) 87(583) 5(588)
OuDoor #9: 97(64) 57(78) 98(112) 73(172) 23(201) 56(208) 67(242) 2(279) 25(450) 88(504) 11(577) 99(586)
OuDoor #10: 39(190) 45(204) 42(282) 9(294) 46(360) 7(365) 81(384) 1(481) 35(507) 18(624) 86(635) 52(643)
Cost 774778.26
DetCost 769287
Time 103.96
InDoor #1: 75(49) 52(89) 89(130) 24(140) 42(186) 82(213) 18(243) 25(277) 35(286) 41(330) 90(441) 27(453) 77(461) 92(578)
InDoor #2: 45(46) 96(88) 78(98) 32(107) 91(119) 11(250) 12(317) 34(338) 0(446) 69(453) 70(530) 15(541)
InDoor #3: 23(5) 28(30) 46(199) 65(274) 86(320) 5(325) 95(343)
InDoor #4: 54(22) 60(47) 53(121) 22(147) 63(159) 71(324) 51(466) 6(492) 31(597)
InDoor #5: 43(24) 49(65) 80(232) 83(346) 40(526)
InDoor #6: 14(14) 21(94) 39(111) 67(228) 47(250) 19(317) 17(326) 3(369) 79(376) 81(433) 44(442) 1(540) 50(565)
InDoor #7: 13(144) 87(272) 56(312) 88(347) 29(455) 66(482) 36(504)
InDoor #8: 72(21) 68(173) 99(188) 64(214) 30(220) 33(304) 7(342) 76(366) 8(373) 59(409) 9(433) 98(453) 4(464) 58(538) 94(544)
InDoor #9: 97(78) 16(103) 57(195) 26(275) 2(325) 37(367) 62(460) 93(508) 48(522)
InDoor #10: 85(91) 20(151) 74(173) 84(183) 61(200) 73(243) 10(253) 38(393) 55(524)
OuDoor #1: 79(107) 80(158) 76(389) 85(437) 96(457) 49(471) 95(484) 69(499) 90(578) 94(588)
OuDoor #2: 97(64) 36(121) 74(332) 91(369) 40(406) 50(471)
OuDoor #3: 37(202) 56(208) 34(323) 58(328) 35(493) 92(498) 48(624) 63(630)
OuDoor #4: 13(123) 70(239) 75(274) 31(336) 41(374) 29(495) 19(522) 11(579) 5(586)
OuDoor #5: 73(175) 26(248) 12(355) 17(485) 24(551) 38(557) 86(628)
OuDoor #6: 98(112) 59(165) 62(288) 46(360) 43(393) 16(450) 83(560) 84(566) 66(577) 52(642)
OuDoor #7: 3(54) 22(177) 2(276) 42(282) 9(294) 72(326) 61(484) 82(570) 71(592) 18(603) 51(608)
OuDoor #8: 57(62) 65(71) 20(93) 0(120) 28(146) 10(194) 45(204) 14(284) 21(303) 4(313) 89(357) 60(419) 25(450) 1(481) 53(493) 88(502) 44(549) 32(564)
OuDoor #9: 8(99) 30(119) 39(190) 54(197) 23(203) 64(210) 81(384) 33(408) 77(420) 15(492) 99(576)
OuDoor #10: 6(123) 78(208) 27(213) 47(239) 67(248) 93(301) 7(363) 55(368) 68(417) 87(587)
Cost 773788.76
DetCost 766532
Time 133.41
InDoor #1: 72(21) 60(47) 67(228) 47(250) 25(277) 12(317) 98(453) 6(492) 55(524) 31(597)
InDoor #2: 23(5) 97(78) 39(111) 89(130) 74(173) 80(232) 87(272) 83(346) 44(424) 0(446) 51(466)
InDoor #3: 21(94) 53(121) 24(131) 64(214) 18(243) 17(322) 2(332) 37(367) 66(482) 48(522) 92(578)
InDoor #4: 96(88) 42(186) 46(199) 11(250) 34(338) 95(345) 88(350) 76(366) 27(453) 93(508)
InDoor #5: 85(91) 63(159) 84(176) 73(243) 35(274) 56(312) 86(321) 8(360) 3(369) 79(376) 81(433) 77(460) 4(469) 94(544)
InDoor #6: 45(46) 32(88) 22(147) 68(173) 61(200) 33(304) 71(324) 9(433)
InDoor #7: 14(14) 75(49) 13(144) 30(219) 10(249) 38(393) 69(449) 62(460) 29(467) 70(530) 58(539)
InDoor #8: 28(30) 43(37) 91(119) 82(213) 26(275) 7(342) 41(347) 40(526) 1(540) 50(565)
InDoor #9: 54(22) 49(65) 16(103) 99(188) 19(317) 5(326) 15(541)
InDoor #10: 52(89) 78(99) 20(151) 57(195) 65(274) 59(409) 90(441) 36(504)
OuDoor #1: 80(158) 23(213) 93(301)
OuDoor #2: 30(122) 47(239) 26(248) 42(282) 58(327) 74(332) 12(355) 55(368) 40(400) 85(437) 16(452) 69(496) 94(579)
OuDoor #3: 98(112) 45(201) 75(274) 41(377) 81(384) 29(479) 61(484) 19(522) 82(573)
OuDoor #4: 20(94) 59(161) 56(194) 91(367) 68(426) 17(465) 49(471) 92(490) 15(496) 44(546) 24(551) 86(628)
OuDoor #5: 8(104) 54(194) 2(279) 72(326) 7(368) 60(415) 77(420) 95(484) 87(581) 5(586) 52(642)
OuDoor #6: 3(54) 73(172) 39(190) 14(277) 31(336) 46(360) 33(408) 50(471) 32(566) 51(602)
OuDoor #7: 97(64) 65(70) 36(112) 37(222) 43(393) 1(479) 90(567) 66(577)
OuDoor #8: 0(120) 28(146) 78(207) 27(213) 62(288) 89(357) 25(454) 35(507) 53(517) 83(560) 84(566) 18(624)
OuDoor #9: 13(118) 6(123) 22(176) 10(196) 70(239) 9(293) 21(306) 96(449) 38(555)
OuDoor #10: 57(78) 79(107) 64(210) 67(242) 4(301) 34(323) 76(389) 88(508) 99(569) 71(577) 11(582) 48(624) 63(630)
Cost 774009.95
DetCost 767327
Time 104.24
InDoor #1: 45(46) 21(94) 16(103) 91(119) 46(199) 57(208) 82(217) 25(277) 35(286) 33(304) 41(330) 38(393)
InDoor #2: 72(21) 75(49) 81(433) 44(442) 98(453) 51(466) 66(482) 36(504) 70(530) 58(539)
InDoor #3: 32(88) 99(188) 61(200) 64(214) 30(220) 87(272) 26(279) 56(312) 17(322) 59(409) 77(460)
InDoor #4: 43(24) 23(29) 97(78) 84(176) 76(366) 9(433) 1(540) 94(548) 92(578) 50(584)
InDoor #5: 69(449) 4(464) 29(473) 6(492) 93(508) 48(522) 40(530) 55(539) 15(544) 31(597)
InDoor #6: 54(22) 24(124) 5(314) 71(324) 95(343) 37(367) 8(377) 79(386) 90(441) 62(460)
InDoor #7: 63(159) 74(173) 10(249) 86(320) 2(325) 7(342) 88(347) 3(369) 0(446)
InDoor #8: 49(65) 78(90) 96(99) 39(111) 13(144) 20(154) 42(186) 73(243) 11(253) 27(453)
InDoor #9: 14(14) 85(91) 89(130) 68(173) 67(228) 18(243) 47(252) 65(274) 83(346) 34(351)
InDoor #10: 28(30) 60(47) 52(89) 53(121) 22(147) 80(232) 12(317) 19(323)
OuDoor #1: 57(58) 97(64) 8(104) 98(112) 6(123) 28(147) 41(374) 68(417) 85(437) 82(572) 51(602)
OuDoor #2: 3(57) 65(66) 36(111) 0(120) 56(178) 10(188) 54(198) 25(454) 83(560)
OuDoor #3: 64(210) 42(282) 34(321) 72(326) 95(484) 66(565) 32(574) 63(630) 52(638)
OuDoor #4: 60(403) 33(412) 24(551) 38(556) 99(565) 11(573) 5(580) 71(590) 87(595) 48(633)
OuDoor #5: 59(165) 67(229) 70(234) 47(239) 21(304) 4(313) 7(355) 46(360) 94(559) 90(567) 84(577)
OuDoor #6: 27(213) 74(329) 31(336) 81(384) 43(391) 77(399) 40(408) 96(457) 50(471)
OuDoor #7: 20(95) 30(116) 13(123) 45(198) 37(205) 23(211) 62(288) 12(348) 89(357) 19(522)
OuDoor #8: 78(215) 76(385) 16(452) 49(471) 61(484) 69(490) 92(498) 35(504) 88(509) 44(549) 86(624) 18(632)
OuDoor #9: 80(158) 73(169) 22(177) 2(269) 75(274) 58(328) 55(362) 91(372) 1(481)
OuDoor #10: 79(107) 39(190) 26(248) 14(281) 93(287) 9(294) 17(481) 29(487) 53(492) 15(503)
Cost 774917.65
DetCost 766596
Time 1582.12
InDoor #1: 54(22) 85(91) 57(195) 33(304) 17(322) 83(346) 3(369) 29(455)
InDoor #2: 96(88) 24(124) 82(213) 65(274) 76(366) 27(453) 36(504) 40(526)
InDoor #3: 72(21) 32(88) 39(111) 63(159) 18(243) 37(367) 93(508) 55(524)
InDoor #4: 13(144) 68(173) 99(188) 30(219) 10(249) 35(274) 56(312) 19(321) 69(449) 62(460) 66(482)
InDoor #5: 45(46) 16(103) 5(314) 88(347) 44(424) 0(446) 58(538) 94(544)
InDoor #6: 75(49) 97(78) 52(89) 74(173) 67(228) 11(250) 87(272) 8(360) 38(393) 51(466)
InDoor #7: 21(94) 80(232) 12(317) 41(330) 95(343) 59(409) 9(433) 81(438) 6(492)
InDoor #8: 23(5) 60(47) 53(121) 22(147) 42(186) 61(200) 47(250) 26(275) 25(285) 71(324) 34(338) 79(371) 4(464) 1(540) 15(548)
InDoor #9: 49(65) 84(176) 46(199) 64(214) 73(243) 98(453) 48(522) 70(530) 50(565) 92(578) 31(597)
InDoor #10: 14(14) 43(24) 28(30) 78(90) 91(119) 89(130) 20(151) 86(320) 2(325) 7(342) 90(441) 77(460)
OuDoor #1: 14(283) 74(324) 7(357) 55(362) 91(372) 1(481) 38(567) 84(575)
OuDoor #2: 13(123) 10(196) 45(206) 67(239) 70(244) 21(314) 34(323) 49(471) 24(551) 86(632)
OuDoor #3: 3(53) 30(119) 54(202) 9(293) 72(326) 81(384) 50(471)
OuDoor #4: 36(110) 0(120) 56(177) 39(190) 53(488) 29(497) 71(566) 66(571)
OuDoor #5: 79(107) 6(123) 23(200) 64(207) 27(213) 93(301) 25(454) 69(491) 18(599) 51(604)
OuDoor #6: 97(64) 73(175) 2(277) 42(282) 58(328) 41(374) 68(417) 32(562) 11(572) 5(579) 94(589)
OuDoor #7: 98(112) 22(177) 26(248) 77(394) 40(408) 16(452) 83(560)
OuDoor #8: 8(104) 59(161) 31(336) 60(412) 33(418) 15(488) 35(496) 92(501) 52(642)
OuDoor #9: 20(95) 80(140) 28(146) 47(235) 75(274) 4(309) 12(351) 46(360) 85(437) 99(571) 90(582)
OuDoor #10: 57(62) 65(70) 37(211) 78(217) 62(288) 89(357) 43(385) 76(393) 96(457) 61(470) 17(476) 95(484) 19(501) 88(507) 44(549) 82(571) 87(581) 48(624) 63(630)
Cost 774738.31
DetCost 767192
Time 164.01
InDoor #1: 43(24) 85(91) 64(214) 80(232) 65(274) 35(283) 25(290) 33(304) 17(322) 83(346)
InDoor #2: 16(103) 24(124) 67(228) 8(360) 3(369) 38(393) 0(446) 4(464) 36(504) 40(526)
InDoor #3: 97(78) 30(219) 10(249) 87(272) 19(317) 95(343) 79(371) 44(424) 27(453) 94(544)
InDoor #4: 32(88) 63(159) 5(314) 7(342) 59(409) 9(433) 81(438) 69(449) 98(455) 62(460)
InDoor #5: 23(5) 21(94) 13(144) 46(199) 26(275) 56(312) 2(325) 88(347) 92(578) 50(584) 31(597)
InDoor #6: 39(111) 89(130) 74(173) 61(200) 47(250) 90(441) 51(466) 66(482) 48(522)
InDoor #7: 14(14) 54(22) 28(30) 91(119) 53(129) 22(147) 99(188) 42(193) 18(243) 76(366)
InDoor #8: 45(46) 60(56) 49(66) 20(151) 68(173) 84(181) 57(195) 11(250) 71(324) 41(332) 1(540)
InDoor #9: 72(21) 75(49) 52(89) 78(99) 96(108) 73(243) 12(317) 86(323) 37(367)
InDoor #10: 82(213) 34(338) 77(460) 29(469) 6(492) 93(508) 55(524) 70(530) 58(539) 15(545)
OuDoor #1: 30(116) 6(123) 73(177) 37(222) 70(229) 47(234) 67(243) 26(248) 7(363) 33(416) 51(604)
OuDoor #2: 36(108) 0(120) 42(272) 14(281) 62(288) 93(297) 21(304) 4(313) 74(326) 12(355)
OuDoor #3: 77(390) 43(399) 16(452) 49(471) 35(505) 53(513) 19(522) 84(564) 32(574)
OuDoor #4: 65(69) 2(279) 72(326) 89(357) 40(397) 60(419) 61(464) 50(471) 1(479) 69(489) 88(503)
OuDoor #5: 8(104) 98(112) 68(426) 17(480) 29(486) 15(496) 92(504) 71(577) 90(582)
OuDoor #6: 13(123) 56(182) 45(195) 54(202) 75(274) 46(360) 25(448) 96(457) 11(579) 99(586)
OuDoor #7: 9(294) 34(323) 58(328) 55(362) 91(372) 76(389) 44(549) 48(614) 52(620) 63(630)
OuDoor #8: 79(107) 59(161) 22(170) 10(180) 39(190) 23(203) 64(210) 78(216) 24(551) 66(574)
OuDoor #9: 3(50) 57(58) 97(64) 27(213) 31(336) 41(374) 81(384) 85(437) 38(552) 83(560)
OuDoor #10: 20(95) 80(140) 28(146) 95(484) 94(556) 87(567) 82(572) 5(586) 86(627) 18(635)
Cost 773859.78
DetCost 766882
Time 1596.41
InDoor #1: 45(46) 60(56) 78(90) 61(200) 10(249) 65(274) 79(371) 90(441) 31(597)
InDoor #2: 52(89) 74(173) 35(274) 25(281) 37(367) 44(424) 81(433) 0(446) 27(453) 51(466) 50(565)
InDoor #3: 75(49) 85(91) 32(98) 13(144) 99(188) 30(219) 11(250) 26(275) 12(317) 86(323) 95(343) 69(449)
InDoor #4: 53(121) 84(176) 42(186) 46(199) 71(324) 98(453) 77(460) 66(482) 92(578)
InDoor #5: 14(14) 72(21) 96(88) 63(159) 57(195) 73(243) 19(317) 8(360) 38(393) 29(455) 62(463) 6(492) 93(508)
InDoor #6: 21(94) 16(103) 24(124) 47(250) 87(272) 2(325) 41(333) 15(541) 94(548)
InDoor #7: 43(24) 39(111) 64(214) 80(232) 18(243) 56(312) 17(322) 5(332) 9(433) 48(522) 70(530)
InDoor #8: 23(5) 54(22) 91(119) 22(147) 82(213) 67(228) 33(304) 7(342) 59(409) 4(464) 1(540)
InDoor #9: 28(30) 49(65) 68(173) 34(338) 40(526)
InDoor #10: 97(78) 89(130) 20(151) 83(346) 88(351) 76(366) 3(373) 36(504) 55(524) 58(538)
OuDoor #1: 57(78) 13(117) 80(158) 73(175) 21(306) 68(426) 77(433) 96(457) 61(484) 88(504) 66(577) 5(586) 51(602)
OuDoor #2: 97(64) 45(198) 27(213) 70(239) 81(384) 16(452) 49(471) 84(563) 87(583)
OuDoor #3: 58(328) 31(336) 50(471) 11(580) 48(633)
OuDoor #4: 3(57) 20(95) 36(113) 75(274) 91(372) 95(484) 15(500) 32(571) 90(581)
OuDoor #5: 6(123) 10(196) 64(210) 78(216) 37(221) 14(286) 4(303) 12(351) 46(360) 55(374) 76(393) 40(408) 85(437) 92(491) 53(497) 29(506) 82(572) 86(628)
OuDoor #6: 98(112) 30(122) 28(146) 56(194) 67(242) 42(282) 93(301) 7(363) 35(502) 44(549) 52(642)
OuDoor #7: 0(120) 26(248) 34(322) 41(374) 43(393) 60(419) 25(450) 1(481) 24(551) 18(624)
OuDoor #8: 65(72) 54(202) 23(213) 2(279) 62(285) 9(294) 74(319) 72(326) 89(357) 33(410) 17(485) 83(560) 38(566) 94(579)
OuDoor #9: 8(102) 22(174) 39(190) 47(239) 69(487) 19(522) 71(598) 63(630)
OuDoor #10: 79(92) 59(155) 99(576)
Cost 774064.60
DetCost 767317
Time 177.52
InDoor #1: 85(91) 78(98) 42(186) 73(243) 2(325) 0(446) 62(460) 6(492) 92(578) 50(584)
InDoor #2: 75(49) 60(55) 68(173) 46(199) 27(453) 4(464) 36(504) 93(514) 70(530) 15(541)
InDoor #3: 45(46) 89(130) 20(151) 65(274) 12(317) 76(366) 9(433) 69(449) 29(455) 98(463)
InDoor #4: 54(22) 52(89) 30(219) 11(250) 26(275) 33(304) 71(324) 5(332) 7(342) 37(367)
InDoor #5: 49(65) 21(94) 16(103) 91(119) 63(159) 74(173) 47(250) 48(522) 94(544) 31(597)
InDoor #6: 43(24) 14(29) 53(121) 84(176) 64(214) 18(243) 86(320) 95(343) 79(371) 66(482)
InDoor #7: 97(78) 32(88) 56(312) 17(322) 41(332) 83(346) 3(369) 38(393) 90(441) 77(460) 40(526) 58(538) 55(544)
InDoor #8: 13(144) 99(188) 61(200) 82(213) 67(228) 35(274) 25(281) 88(347) 34(355) 81(433)
InDoor #9: 72(21) 23(30) 96(88) 80(232) 10(249) 59(409) 44(424) 51(466) 1(540)
InDoor #10: 28(30) 39(111) 24(124) 22(147) 57(195) 87(272) 19(317) 8(360)
OuDoor #1: 80(140) 28(151) 21(309) 34(323) 12(350) 25(454) 17(478) 29(484) 15(491) 69(499)
OuDoor #2: 59(158) 22(170) 10(180) 39(190) 37(200) 45(206) 43(387) 33(395) 60(403) 40(408) 49(471) 1(481)
OuDoor #3: 65(59) 97(64) 79(107) 30(116) 13(123) 9(292) 77(415) 68(426) 50(471) 44(549)
OuDoor #4: 36(110) 0(120) 23(207) 74(321) 58(328) 31(336) 89(357) 81(384) 24(551) 11(577)
OuDoor #5: 57(41) 3(51) 98(112) 6(123) 56(181) 54(196) 2(269) 75(274) 41(374)
OuDoor #6: 20(93) 47(235) 62(288) 4(301) 93(309) 46(360) 38(555) 32(563) 82(573) 48(624) 63(630)
OuDoor #7: 55(362) 91(372) 96(457) 95(484) 83(560) 5(567) 87(577) 90(582) 86(628)
OuDoor #8: 72(326) 76(385) 16(445) 85(452) 35(490) 53(495) 92(504) 99(564) 71(572) 84(577) 18(624)
OuDoor #9: 8(104) 73(172) 78(207) 27(213) 70(239) 26(248) 7(363) 88(504) 51(612)
OuDoor #10: 64(210) 67(242) 14(276) 42(282) 61(484) 19(522) 94(567) 66(574) 52(642)
Cost 774202.73
DetCost 766476
Time 796.80
InDoor #1: 39(111) 74(173) 46(199) 82(213) 30(221) 17(322) 34(338) 37(367) 36(504) 93(514) 70(530)
InDoor #2: 97(78) 10(249) 87(272) 35(279) 76(366) 8(373) 44(424) 27(453)
InDoor #3: 72(21) 28(30) 52(89) 78(99) 53(121) 20(151) 99(188) 56(312) 69(449) 29(455)
InDoor #4: 43(24) 23(29) 45(46) 24(124) 91(133) 57(195) 25(277) 41(330) 0(446) 62(460)
InDoor #5: 54(22) 14(30) 75(49) 49(65) 22(147) 63(159) 68(173) 42(186) 61(200) 47(250) 94(544)
InDoor #6: 32(88) 96(94) 13(144) 64(214) 5(314) 79(371) 6(492) 48(522) 92(578) 50(584) 31(597)
InDoor #7: 89(130) 73(243) 18(253) 26(275) 33(304) 86(320) 71(325) 19(333) 15(541)
InDoor #8: 85(91) 84(176) 11(250) 12(317) 95(343) 38(393) 59(409) 81(433) 98(453) 51(466) 58(538)
InDoor #9: 16(103) 67(228) 65(274) 2(325) 7(342) 90(441) 77(460) 66(482) 55(524) 1(540)
InDoor #10: 60(47) 21(94) 80(232) 83(346) 88(351) 3(369) 9(433) 4(464) 40(526)
OuDoor #1: 41(374) 81(384) 16(452) 38(552) 84(560) 94(570) 11(578) 5(585) 87(595) 52(642)
OuDoor #2: 8(99) 79(107) 80(140) 28(146) 37(202) 78(208) 27(213) 14(275) 42(282) 49(471) 88(508)
OuDoor #3: 57(41) 3(51) 20(93) 13(119) 62(288) 33(400) 40(408) 50(471) 66(568)
OuDoor #4: 65(59) 97(64) 56(193) 23(203) 64(210) 29(473) 1(479) 86(621) 48(629) 18(635)
OuDoor #5: 73(169) 22(177) 10(196) 45(206) 72(326) 76(389) 77(396) 43(405) 53(488) 15(503)
OuDoor #6: 39(190) 2(276) 9(294) 61(484) 92(491) 17(497) 19(522) 24(551) 71(566) 90(571)
OuDoor #7: 70(230) 47(239) 75(274) 74(324) 31(336) 12(351) 46(360) 7(365) 44(549) 63(630)
OuDoor #8: 30(116) 6(123) 93(290) 21(303) 4(312) 58(328) 85(409) 68(419) 60(426) 51(600)
OuDoor #9: 0(120) 59(161) 54(199) 34(323) 89(357) 25(448) 96(457) 95(484) 99(563) 32(572)
OuDoor #10: 36(103) 98(112) 67(242) 26(248) 55(362) 91(372) 35(496) 69(501) 83(560) 82(566)
Cost 773276.74
DetCost 766491
Time 1477.97
InDoor #1: 75(49) 43(55) 49(65) 91(119) 13(144) 22(154) 47(250) 87(272) 25(279) 17(322) 44(424) 29(455) 50(565)
InDoor #2: 45(46) 21(94) 63(159) 84(176) 30(219) 12(317) 7(342) 77(460)
InDoor #3: 14(14) 72(21) 97(78) 32(88) 16(103) 68(173) 57(195) 67(228) 5(314) 95(343) 83(348) 88(353) 98(453) 6(492) 70(530)
InDoor #4: 60(47) 24(124) 80(232) 69(449) 93(508)
InDoor #5: 53(121) 33(304) 56(312) 71(324) 38(393) 59(409) 81(433) 62(460) 51(467) 94(544)
InDoor #6: 78(90) 82(213) 18(243) 35(274) 26(281) 86(320) 19(325) 76(366) 0(446) 27(453) 4(464) 66(482) 48(522)
InDoor #7: 54(22) 52(89) 42(186) 61(200) 41(330) 37(367) 79(377) 1(540)
InDoor #8: 23(5) 28(30) 85(91) 39(111) 89(130) 64(214) 11(250) 2(325) 3(369) 9(433) 90(441) 55(524) 40(529) 92(578)
InDoor #9: 96(88) 73(243) 10(253) 36(504) 58(538) 15(544)
InDoor #10: 20(151) 74(173) 99(188) 46(199) 65(274) 34(338) 8(360) 31(597)
OuDoor #1: 97(64) 65(74) 73(174) 54(200) 2(279) 46(358) 91(363) 7(373)
OuDoor #2: 98(112) 39(190) 37(215) 78(221) 9(294) 21(318) 89(357) 17(478) 95(484) 51(608)
OuDoor #3: 0(120) 80(140) 28(146) 62(288) 58(328) 85(437) 94(554) 38(559) 71(573) 11(584)
OuDoor #4: 6(123) 23(213) 26(248) 60(401) 43(406) 50(471) 32(562) 5(572) 90(582) 48(624) 63(630)
OuDoor #5: 8(104) 27(213) 72(326) 31(336) 76(387) 77(394) 40(403) 61(479) 69(485) 35(493) 29(498) 15(503) 44(549)
OuDoor #6: 59(161) 45(206) 42(280) 14(289) 41(365) 55(372) 68(420) 49(471) 18(624)
OuDoor #7: 79(107) 4(301) 93(309) 81(384) 1(481) 84(559) 99(569) 66(577)
OuDoor #8: 57(41) 3(48) 20(95) 70(226) 67(231) 47(236) 34(323) 74(330) 25(448) 96(457) 19(522) 24(551) 83(560) 87(568) 82(573) 52(642)
OuDoor #9: 30(116) 36(123) 22(177) 53(495) 88(504)
OuDoor #10: 13(123) 56(192) 64(202) 10(208) 75(274) 12(354) 33(408) 16(452) 92(504) 86(628)
Cost 775287.91
DetCost 767904
Time 73.02
