InDoor #1: 8(60) 16(103) 9(133) 13(144) 6(192) 10(249)
InDoor #2: 12(17) 5(23) 0(146) 1(240) 11(250)
InDoor #3: 19(17) 14(26) 3(69) 4(164) 18(243)
InDoor #4: 17(22) 2(32) 7(42) 15(241)
OuDoor #1: 19(74) 12(123) 11(163) 9(220) 4(272)
OuDoor #2: 17(166) 15(230) 10(257) 5(267) 6(277) 14(339)
OuDoor #3: 7(86) 1(98) 8(270) 0(277)
OuDoor #4: 2(100) 3(131) 13(277) 18(296) 16(306)
Cost 67731.33
DetCost 66680
Time 213.50
InDoor #1: 8(60) 16(103) 13(144) 6(192) 15(241)
InDoor #2: 19(17) 5(26) 17(34) 0(146) 10(249)
InDoor #3: 3(69) 9(133) 4(164) 1(240) 11(250)
InDoor #4: 2(25) 14(33) 12(39) 7(45) 18(243)
OuDoor #1: 19(74) 2(92) 1(99) 3(118) 12(125) 17(166)
OuDoor #2: 11(163) 15(219) 9(226) 4(272) 14(339)
OuDoor #3: 7(86) 10(257) 5(267) 6(277)
OuDoor #4: 8(271) 0(278) 13(283) 18(296) 16(306)
Cost 67603.94
DetCost 67076
Time 1765.13
InDoor #1: 2(25) 17(33) 7(43) 16(103) 10(249)
InDoor #2: 14(14) 12(20) 5(26) 1(240) 11(250)
InDoor #3: 8(60) 9(133) 0(146) 4(164) 18(243)
InDoor #4: 19(17) 3(69) 13(144) 6(192) 15(241)
OuDoor #1: 1(100) 2(110) 12(123) 4(272) 14(339)
OuDoor #2: 10(257) 5(267) 6(277) 18(296) 16(306)
OuDoor #3: 19(74) 3(131) 11(163) 8(270) 0(277) 13(282)
OuDoor #4: 7(86) 17(166) 15(216) 9(223)
Cost 67575.55
DetCost 67080
Time 1389.39
InDoor #1: 5(14) 12(22) 8(60) 16(103) 18(243)
InDoor #2: 2(25) 14(33) 13(144) 6(192) 1(240) 11(250)
InDoor #3: 17(22) 9(133) 0(146) 10(249)
InDoor #4: 19(17) 7(42) 3(69) 4(164) 15(241)
OuDoor #1: 19(74) 1(100) 2(110) 12(123) 8(272)
OuDoor #2: 3(131) 11(163) 15(230) 10(257) 5(267) 6(277)
OuDoor #3: 17(166) 9(220) 4(272) 0(285)
OuDoor #4: 7(86) 13(277) 18(296) 16(306) 14(339)
Cost 67721.78
DetCost 66694
Time 1230.45
InDoor #1: 5(14) 12(22) 19(28) 16(103) 1(240)
InDoor #2: 7(42) 2(47) 13(144) 6(192) 18(243) 11(252)
InDoor #3: 14(14) 8(60) 0(146) 10(249)
InDoor #4: 17(22) 3(69) 9(133) 4(164) 15(241)
OuDoor #1: 1(100) 2(110) 12(123) 15(230) 10(257) 8(272)
OuDoor #2: 11(163) 9(220) 5(267) 6(277)
OuDoor #3: 19(74) 3(131) 17(166) 4(272) 0(285)
OuDoor #4: 7(86) 13(279) 18(296) 16(306) 14(339)
Cost 67780.85
DetCost 66696
Time 924.36
InDoor #1: 12(17) 7(42) 3(69) 16(103) 13(144) 10(249)
InDoor #2: 5(14) 0(146) 15(241) 11(250)
InDoor #3: 14(14) 19(20) 2(29) 4(164) 1(240)
InDoor #4: 17(22) 8(60) 9(133) 6(192) 18(243)
OuDoor #1: 7(86) 1(94) 2(102) 12(123) 17(166) 4(272)
OuDoor #2: 3(131) 11(163) 5(267) 6(277)
OuDoor #3: 9(220) 10(257) 8(270) 0(277) 13(282)
OuDoor #4: 19(74) 15(230) 16(297) 14(307) 18(314)
Cost 67588.88
DetCost 67073
Time 1658.91
InDoor #1: 19(17) 8(60) 4(164) 6(192) 10(249)
InDoor #2: 3(69) 16(103) 0(146) 1(240) 11(250)
InDoor #3: 12(17) 17(23) 7(42) 9(133) 13(144) 15(241)
InDoor #4: 2(25) 14(33) 5(39) 18(243)
OuDoor #1: 19(74) 7(86) 3(118) 12(125) 4(272) 14(339)
OuDoor #2: 11(163) 9(220) 10(257) 5(267) 6(277)
OuDoor #3: 17(166) 15(230) 8(270) 0(277) 13(282)
OuDoor #4: 2(92) 1(99) 18(296) 16(306)
Cost 67721.55
DetCost 67068
Time 53.11
InDoor #1: 2(25) 17(33) 7(43) 16(103) 10(249)
InDoor #2: 5(14) 14(22) 12(28) 4(164) 15(241) 11(250)
InDoor #3: 3(69) 9(133) 13(144) 1(240)
InDoor #4: 19(17) 8(60) 0(146) 6(192) 18(243)
OuDoor #1: 12(123) 3(129) 4(272) 16(298) 18(308)
OuDoor #2: 2(91) 1(98) 5(267) 6(277) 14(339)
OuDoor #3: 7(86) 11(163) 9(220) 10(257) 8(270)
OuDoor #4: 19(74) 17(166) 15(230) 13(277) 0(285)
Cost 67727.75
DetCost 66680
Time 1448.09
InDoor #1: 7(42) 9(133) 0(146) 6(192) 15(241)
InDoor #2: 5(14) 19(22) 3(69) 13(144) 10(249)
InDoor #3: 14(14) 16(103) 4(164) 1(240) 11(250)
InDoor #4: 12(17) 17(23) 2(33) 8(60) 18(243)
OuDoor #1: 1(94) 2(102) 11(163) 15(216) 9(223) 18(308)
OuDoor #2: 7(86) 17(166) 5(267) 6(276) 16(306)
OuDoor #3: 3(118) 12(125) 10(257) 4(272)
OuDoor #4: 19(74) 8(271) 0(278) 13(283) 14(339)
Cost 67699.93
DetCost 67073
Time 226.38
InDoor #1: 14(14) 19(20) 8(60) 6(192) 18(243)
InDoor #2: 17(22) 9(133) 13(144) 1(240) 11(250)
InDoor #3: 3(69) 16(103) 0(146) 4(164) 10(249)
InDoor #4: 5(14) 2(25) 12(33) 7(42) 15(241)
OuDoor #1: 19(74) 1(98) 9(220) 8(271) 13(278)
OuDoor #2: 11(163) 10(257) 5(267) 6(277) 14(339)
OuDoor #3: 7(86) 2(100) 12(123) 3(129) 17(166) 4(272)
OuDoor #4: 15(230) 0(285) 18(296) 16(306)
Cost 67734.68
DetCost 66682
Time 287.54
