InDoor #1: 59(9) 49(65)
InDoor #2: 67(28) 40(126) 76(166)
InDoor #3: 82(13) 72(21) 75(49) 62(60) 65(74) 48(122) 94(144) 3(169) 92(178)
InDoor #4: 14(14) 9(33) 10(49) 77(60) 25(77) 5(114) 17(122) 15(141) 20(151) 37(167) 84(177)
InDoor #5: 54(22) 69(49) 29(55) 93(108) 19(117) 70(130) 95(143) 22(148) 8(160) 68(173)
InDoor #6: 30(19) 28(30) 0(46) 27(53) 4(64) 39(111) 53(121) 34(138) 88(147) 74(173)
InDoor #7: 60(47) 52(89) 56(112) 24(124) 1(140) 13(148) 63(159) 31(197)
InDoor #8: 44(24) 80(33) 47(50) 51(66) 66(82) 86(120) 89(130) 7(142) 83(147) 50(165) 61(200)
InDoor #9: 81(33) 73(43) 98(53) 87(72) 96(88) 16(103) 12(117) 71(124) 58(138) 79(171) 57(195)
InDoor #10: 43(24) 11(50) 35(74) 85(91) 36(104) 55(124) 41(130) 42(186) 46(199)
InDoor #11: 90(41) 26(75) 32(88) 21(94) 33(104) 91(119) 38(193)
InDoor #12: 18(43) 97(78) 78(90) 2(125)
InDoor #13: 45(46) 6(92) 99(188)
InDoor #14: 64(14)
InDoor #15: 23(5)
OuDoor #1: 32(54) 30(187) 21(202) 61(243)
OuDoor #2: 34(70) 81(96) 47(185) 55(195) 27(205) 43(240)
OuDoor #3: 80(82) 8(190) 88(196) 82(240)
OuDoor #4: 86(140) 89(150) 62(171) 78(184) 11(189)
OuDoor #5: 73(48) 31(72) 79(83) 17(105) 63(137) 98(145) 0(163) 19(171) 91(178) 85(188) 59(238)
OuDoor #6: 99(76) 6(130) 66(137) 87(151) 20(161) 52(192) 95(202) 92(227) 14(233) 39(239)
OuDoor #7: 94(52) 23(71) 38(78) 72(109) 46(133) 9(144) 2(166) 90(182)
OuDoor #8: 97(74) 69(82) 10(109) 35(126) 60(134) 13(158) 50(181) 40(186) 75(206) 4(218)
OuDoor #9: 33(60) 93(71) 56(93) 25(103) 28(124) 26(130) 68(137) 84(153) 64(184) 37(222) 83(228)
OuDoor #10: 49(65) 53(74) 96(93) 22(115) 5(126) 65(144) 44(152) 42(202) 57(217) 67(225)
OuDoor #11: 54(60) 16(74) 41(100) 51(111) 12(118) 71(127) 45(148) 29(229)
OuDoor #12: 77(201) 15(211) 48(225)
OuDoor #13: 1(112) 24(205) 3(231)
OuDoor #14: 18(116) 74(128) 70(209) 58(229) 76(236) 36(243)
OuDoor #15: 7(242)
Cost 2246824.83
DetCost 2186927
Time 1024.60
InDoor #1: 98(53) 4(64) 97(78)
InDoor #2: 9(33) 45(46)
InDoor #3: 67(28) 10(49)
InDoor #4: 82(13) 54(22) 80(32) 0(46) 29(55) 65(74) 96(88) 76(166)
InDoor #5: 64(14) 44(24) 73(43) 69(53) 62(60) 66(82) 78(92) 34(138) 13(145) 8(160) 68(173) 57(195)
InDoor #6: 72(21) 81(33) 18(43) 27(53) 51(66) 26(75) 32(88) 5(114) 40(126) 15(141) 83(148) 63(159) 3(169) 38(193)
InDoor #7: 59(9) 14(18) 43(24) 90(41) 75(51) 25(77) 52(89) 2(125) 7(142) 22(147) 37(167) 42(186) 46(199)
InDoor #8: 28(30) 47(50) 77(60) 35(74) 85(91) 12(117) 55(124) 89(130) 1(140) 88(148) 79(171) 31(197)
InDoor #9: 11(50) 49(65) 87(72) 33(104) 48(122) 70(130) 95(143) 50(165) 92(178) 61(200)
InDoor #10: 60(47) 36(104) 19(117) 53(126) 58(138) 20(151) 84(176)
InDoor #11: 30(19) 21(94) 16(103) 39(111) 24(124) 94(144) 74(173)
InDoor #12: 56(112) 17(122) 41(132) 99(188)
InDoor #13: 6(92) 86(120) 71(125)
InDoor #14: 23(5) 93(108) 91(119)
InDoor #15:
OuDoor #1: 81(96) 1(112) 36(243)
OuDoor #2: 38(78) 41(100) 30(187) 55(200)
OuDoor #3: 32(54) 53(74) 25(103) 40(186)
OuDoor #4: 49(65) 31(72) 79(83) 17(105) 22(115) 47(185) 29(229)
OuDoor #5: 94(52) 16(74) 69(82) 72(109) 78(184) 77(201) 15(211) 48(225) 61(234)
OuDoor #6: 73(48) 34(70) 99(76) 10(109) 89(150) 0(163) 91(171) 50(181) 11(189) 88(196) 67(223) 83(228) 7(234) 59(239)
OuDoor #7: 54(60) 93(71) 80(82) 56(95) 51(111) 35(126) 13(158) 2(166) 62(171) 64(184) 8(190) 21(196) 24(205) 57(217) 37(223) 58(229)
OuDoor #8: 33(60) 97(74) 26(131) 63(138) 84(153) 90(182) 52(193)
OuDoor #9: 23(71) 96(93) 5(126) 86(140) 45(148) 20(161) 85(188) 4(218) 92(227) 76(233) 43(240)
OuDoor #10: 71(125) 6(130) 66(137) 44(152) 19(171) 95(202) 82(226) 14(233) 39(239)
OuDoor #11: 12(118) 74(128) 9(144) 75(206) 3(231)
OuDoor #12: 18(116) 28(124) 46(133) 65(144) 87(151) 42(202)
OuDoor #13: 60(134) 98(145) 27(205)
OuDoor #14: 68(137) 70(209)
OuDoor #15:
Cost 2245363.67
DetCost 2180220
Time 661.39
InDoor #1: 23(5) 64(14) 43(24)
InDoor #2: 30(19) 81(33) 61(200)
InDoor #3: 87(72) 46(199)
InDoor #4: 44(24) 35(74)
InDoor #5: 80(32) 73(43) 25(77) 96(88) 40(126) 74(173) 57(195)
InDoor #6: 72(21) 75(49) 65(74) 52(89) 17(122) 50(165) 92(178) 99(188)
InDoor #7: 14(14) 28(30) 90(41) 45(51) 51(66) 66(82) 85(92) 53(121) 68(173) 42(186)
InDoor #8: 54(22) 18(43) 98(53) 4(64) 97(78) 78(90) 56(112) 71(124) 34(138) 83(146) 37(167)
InDoor #9: 9(33) 11(50) 29(56) 26(75) 21(94) 24(124) 1(140) 22(148) 3(169) 38(193)
InDoor #10: 59(9) 67(28) 60(47) 32(88) 16(103) 39(111) 86(121) 70(130) 7(142) 13(147) 8(160) 79(171) 31(197)
InDoor #11: 47(50) 6(92) 93(108) 12(117) 2(125) 58(138) 20(151) 76(166)
InDoor #12: 0(46) 27(53) 49(65) 36(104) 5(114) 55(124) 89(130) 95(143) 88(148) 63(159) 84(176)
InDoor #13: 69(49) 33(104) 91(119) 94(144)
InDoor #14: 10(49) 62(60) 19(117) 41(130) 15(141)
InDoor #15: 82(13) 77(60) 48(122)
OuDoor #1:
OuDoor #2: 54(60) 4(217) 37(225) 14(234) 82(240)
OuDoor #3: 57(217) 83(228)
OuDoor #4: 96(93) 95(199) 70(209)
OuDoor #5: 94(52) 33(60) 56(95) 17(105) 90(182) 55(200) 15(211)
OuDoor #6: 49(65) 72(109) 88(195) 24(205) 58(226) 3(231)
OuDoor #7: 34(69) 16(74) 10(109) 89(150) 91(178) 85(188) 42(202) 67(224) 29(229) 59(236) 43(243)
OuDoor #8: 73(48) 53(73) 69(82) 41(100) 51(111) 71(127) 66(137) 87(151) 13(158) 0(163) 78(184) 11(189)
OuDoor #9: 97(74) 81(96) 25(103) 12(117) 74(126) 46(133) 9(144) 8(190) 21(196) 27(205) 48(222) 39(238) 61(243)
OuDoor #10: 32(54) 93(71) 38(78) 22(115) 35(125) 6(130) 68(137) 44(152) 52(193)
OuDoor #11: 23(71) 1(112) 28(124) 60(134) 65(144) 84(153) 2(166) 62(171) 64(180) 40(186) 77(201) 36(243)
OuDoor #12: 99(75) 79(83) 18(116) 5(126) 98(145) 47(185)
OuDoor #13: 26(131) 86(140) 45(148) 20(161) 19(171) 50(181) 75(206) 7(252)
OuDoor #14: 31(72) 80(82) 63(138) 76(240) 92(247)
OuDoor #15: 30(187)
Cost 2246373.05
DetCost 2181740
Time 746.00
InDoor #1: 23(5) 30(19) 51(66)
InDoor #2: 64(14) 77(60) 87(72)
InDoor #3: 60(47) 49(65) 35(74) 48(122) 61(200)
InDoor #4: 14(14) 10(49) 62(60) 52(89) 31(197)
InDoor #5: 0(46) 27(53) 25(77) 19(117) 40(126) 99(188) 46(199)
InDoor #6: 72(21) 28(30) 90(41) 47(51) 4(64) 85(91) 39(111) 17(122) 15(141) 57(195)
InDoor #7: 44(24) 9(33) 18(43) 98(53) 26(75) 96(88) 56(112) 24(124) 1(140) 22(148) 38(193)
InDoor #8: 67(28) 69(49) 29(55) 97(78) 78(90) 93(108) 91(119) 89(130) 83(146) 84(176) 42(186)
InDoor #9: 80(32) 75(49) 65(74) 32(88) 21(94) 16(103) 86(120) 2(125) 58(138) 95(144) 74(173)
InDoor #10: 73(43) 66(82) 6(92) 36(104) 71(124) 70(132) 7(142) 20(151) 3(169) 92(178)
InDoor #11: 43(24) 11(50) 33(104) 12(117) 55(124) 41(130) 34(140) 88(147) 8(160) 79(171)
InDoor #12: 54(22) 45(46) 5(114) 13(144) 76(166)
InDoor #13: 82(13) 81(33) 53(121) 94(144) 50(165)
InDoor #14: 59(9) 63(159) 68(173)
InDoor #15: 37(167)
OuDoor #1: 36(238)
OuDoor #2: 80(82) 96(93)
OuDoor #3: 79(83) 37(223) 39(229) 14(234) 43(240) 76(248)
OuDoor #4: 23(71) 56(95) 89(150) 70(209) 83(228)
OuDoor #5: 99(76) 25(103) 86(140) 75(206) 4(218) 92(226) 61(232)
OuDoor #6: 31(72) 69(82) 10(109) 6(130) 68(137) 98(145) 27(205) 58(220) 67(225)
OuDoor #7: 93(71) 38(78) 81(96) 17(105) 51(111) 35(126) 46(133) 9(144) 0(163) 95(202) 48(223) 29(229)
OuDoor #8: 73(48) 97(74) 22(114) 28(124) 66(137) 45(148) 20(161) 30(187) 42(202) 57(217) 3(231)
OuDoor #9: 94(52) 49(65) 53(74) 41(100) 72(108) 12(118) 71(127) 84(153) 2(166) 62(171) 40(186) 24(205) 59(244)
OuDoor #10: 33(60) 34(69) 16(74) 1(112) 5(126) 65(144) 44(152) 8(190) 55(200)
OuDoor #11: 32(54) 18(116) 74(127) 60(134) 13(158) 19(171) 91(178) 85(188) 15(211) 82(240)
OuDoor #12: 26(131) 87(151) 64(184) 88(196)
OuDoor #13: 54(60) 63(138) 50(180) 47(185) 77(201)
OuDoor #14: 90(182) 52(193)
OuDoor #15: 78(184) 11(189) 21(202) 7(252)
Cost 2245081.68
DetCost 2177599
Time 240.96
InDoor #1: 82(13) 75(49) 52(89) 56(112) 24(124) 68(173)
InDoor #2: 30(19) 45(46) 91(119) 70(130) 7(142)
InDoor #3: 86(120) 40(126) 34(138) 83(146) 37(167)
InDoor #4: 69(49) 85(91) 93(108) 12(117) 71(124) 15(141) 8(160) 3(169) 92(178)
InDoor #5: 67(28) 0(46) 78(90) 36(104) 5(114) 17(122) 1(140) 22(148) 50(165) 74(174)
InDoor #6: 44(24) 11(50) 32(88) 21(94) 33(104) 19(117) 2(126) 88(147) 63(159) 84(176)
InDoor #7: 81(33) 47(50) 96(88) 16(103) 39(111) 55(124) 89(130) 95(143) 20(151) 76(166) 42(186)
InDoor #8: 72(21) 18(43) 98(53) 66(82) 6(92) 48(122) 58(138) 79(171) 57(195)
InDoor #9: 28(30) 10(49) 25(77) 41(130) 13(144) 99(188) 31(197)
InDoor #10: 59(9) 80(32) 90(41) 27(53) 51(66) 53(121) 94(144)
InDoor #11: 43(24) 73(43) 29(55) 4(64) 87(73) 46(199)
InDoor #12: 54(22) 9(33) 60(47) 62(60) 65(74)
InDoor #13: 14(14) 49(65) 35(74) 61(200)
InDoor #14: 23(5) 64(14) 77(60) 97(78) 38(193)
InDoor #15: 26(75)
OuDoor #1: 9(144) 21(202)
OuDoor #2: 34(70) 35(126) 46(133) 87(151) 85(186) 88(196) 7(252)
OuDoor #3: 31(72) 68(137) 65(144) 44(152) 8(188) 52(193) 15(211)
OuDoor #4: 32(54) 28(124) 26(131) 98(145) 13(158) 0(163) 62(171) 64(183) 11(189) 95(202)
OuDoor #5: 33(60) 99(76) 51(111) 5(126) 66(137) 89(150) 78(184)
OuDoor #6: 23(71) 22(115) 74(127) 60(134) 86(140) 45(148) 20(161) 50(181) 40(186) 55(200)
OuDoor #7: 73(48) 97(74) 72(108) 12(118) 6(130) 63(138) 2(166) 19(171) 90(182) 24(205) 29(229)
OuDoor #8: 93(71) 38(78) 10(109) 71(127) 84(153) 47(185) 42(196) 27(205) 4(218) 39(226) 61(231) 14(237) 36(243)
OuDoor #9: 94(52) 53(74) 56(95) 18(116) 77(201) 59(235)
OuDoor #10: 54(60) 16(74) 79(83) 17(105) 1(112) 30(187) 75(206) 67(225)
OuDoor #11: 49(65) 69(82) 25(103) 91(182) 70(209) 57(217) 83(225) 3(231)
OuDoor #12: 96(93) 37(225)
OuDoor #13: 41(100) 48(223) 58(229)
OuDoor #14: 80(82) 76(236) 43(243)
OuDoor #15: 81(96) 92(234) 82(240)
Cost 2244122.74
DetCost 2176894
Time 1674.55
InDoor #1: 23(5) 45(46) 71(124)
InDoor #2: 30(19) 28(30) 90(41) 10(51) 5(114) 48(122) 41(130) 1(140) 38(193)
InDoor #3: 59(9) 82(18) 67(28) 0(46) 98(53) 87(72) 40(126) 94(144) 46(199)
InDoor #4: 14(14) 11(50) 35(74) 55(124) 58(138) 83(146) 42(186) 31(197)
InDoor #5: 47(50) 2(125) 15(141) 22(148) 79(171) 61(200)
InDoor #6: 60(47) 19(117) 70(130) 88(147) 57(195)
InDoor #7: 43(24) 9(33) 73(43) 27(53) 51(66) 91(119) 89(130) 34(140) 20(151)
InDoor #8: 54(22) 81(33) 69(49) 29(55) 4(64) 25(77) 39(111) 86(121) 24(126) 95(143) 76(166) 92(178) 99(188)
InDoor #9: 72(21) 75(49) 26(75) 6(92) 93(108) 12(117) 53(123) 13(144) 50(165)
InDoor #10: 44(24) 18(43) 62(60) 97(78) 96(88) 16(103) 56(112) 17(122) 7(142) 8(160) 3(169) 68(176)
InDoor #11: 77(60) 65(74) 32(88) 21(94) 33(104) 37(167) 84(177)
InDoor #12: 80(32) 66(82) 85(92) 36(104) 63(159) 74(173)
InDoor #13: 64(14) 49(65) 78(90)
InDoor #14: 52(89)
InDoor #15:
OuDoor #1: 48(225)
OuDoor #2: 73(48) 31(72) 83(228)
OuDoor #3: 49(65) 53(74) 56(95) 44(152) 20(161) 57(217) 39(224) 82(229) 76(236) 36(243)
OuDoor #4: 97(74) 96(93) 63(138) 89(150) 24(205) 67(220) 37(225)
OuDoor #5: 93(71) 86(140) 45(148) 0(163) 19(171) 30(187) 55(200) 4(218) 29(229)
OuDoor #6: 32(54) 23(71) 38(78) 66(136) 98(145) 2(166) 62(171) 15(211) 3(231) 7(239) 59(244)
OuDoor #7: 33(60) 34(70) 99(76) 9(143) 84(153) 85(188) 77(201) 58(229)
OuDoor #8: 16(74) 69(82) 10(109) 74(128) 68(137) 65(144) 87(151) 13(158) 91(176) 40(186) 21(202)
OuDoor #9: 79(83) 81(96) 17(105) 1(112) 28(124) 60(134) 78(184) 52(192) 42(202) 92(237) 43(243)
OuDoor #10: 54(60) 41(100) 12(118) 71(127) 46(133) 64(183) 11(189) 95(202)
OuDoor #11: 94(52) 80(82) 25(103) 22(115) 6(130) 50(181) 8(190) 88(196)
OuDoor #12: 72(109) 5(126) 47(185) 27(205) 61(243)
OuDoor #13: 51(111) 26(131) 90(182) 75(206)
OuDoor #14: 35(126) 70(209)
OuDoor #15: 18(116) 14(248)
Cost 2247220.08
DetCost 2183864
Time 748.23
InDoor #1: 23(5) 14(14) 53(121) 61(200)
InDoor #2: 59(9) 65(74) 38(193)
InDoor #3: 82(13) 54(22) 49(65) 25(77) 52(89) 71(124) 46(199)
InDoor #4: 9(33) 26(75) 93(108) 24(124) 58(138) 68(173)
InDoor #5: 44(24) 60(47) 35(74) 33(104) 5(114) 70(130) 83(146) 37(167)
InDoor #6: 43(24) 80(32) 73(43) 98(53) 4(64) 87(73) 96(88) 36(104) 19(117) 41(130) 95(143) 20(151) 84(176) 57(195)
InDoor #7: 81(33) 69(49) 11(55) 51(66) 66(82) 85(92) 56(112) 55(124) 89(130) 7(142) 50(165) 74(174) 42(186) 31(197)
InDoor #8: 72(21) 18(43) 75(52) 97(78) 78(90) 39(111) 86(121) 2(126) 15(141) 8(160) 92(178) 99(188)
InDoor #9: 28(30) 45(46) 77(60) 32(88) 21(94) 16(103) 12(117) 17(123) 1(140) 88(148) 3(169)
InDoor #10: 67(28) 10(49) 62(60) 6(92) 40(126) 34(138) 94(145) 76(166)
InDoor #11: 0(46) 27(53) 91(119) 22(147) 79(171)
InDoor #12: 64(14) 30(20) 90(41) 29(55) 48(122) 13(144) 63(159)
InDoor #13: 47(50)
InDoor #14:
InDoor #15:
OuDoor #1: 17(105) 58(226) 3(231)
OuDoor #2: 74(128) 48(225)
OuDoor #3: 87(151) 91(182) 57(217) 83(223) 29(229)
OuDoor #4: 81(96) 28(124) 21(202) 37(225)
OuDoor #5: 94(52) 96(93) 5(126) 44(152) 20(161) 50(181) 11(189) 95(202) 67(225) 7(230) 43(235) 36(243)
OuDoor #6: 33(60) 38(78) 10(109) 60(134) 86(140) 84(153) 85(186) 88(196) 15(211)
OuDoor #7: 73(48) 23(71) 25(100) 72(109) 71(127) 46(133) 63(138) 45(148) 13(158) 19(171) 78(184) 52(193) 75(206) 4(218)
OuDoor #8: 34(69) 53(74) 56(95) 22(115) 35(125) 6(130) 68(137) 9(144) 40(186) 55(195) 24(205) 39(232) 14(237) 61(243)
OuDoor #9: 54(60) 31(72) 69(82) 41(100) 51(111) 12(118) 26(129) 66(136) 98(145) 2(166) 62(171) 27(205)
OuDoor #10: 16(74) 80(82) 1(112) 65(144) 89(150) 0(163) 64(184) 8(190) 42(200) 70(209) 82(238) 59(245)
OuDoor #11: 49(65) 99(76) 18(116) 47(185) 76(245)
OuDoor #12: 32(54) 93(71) 79(83) 30(187) 77(201) 92(247)
OuDoor #13: 90(182)
OuDoor #14: 97(74)
OuDoor #15:
Cost 2240779.12
DetCost 2177718
Time 1277.83
InDoor #1: 72(21)
InDoor #2: 30(19) 53(121)
InDoor #3: 67(28) 45(46) 6(92) 5(114) 17(122)
InDoor #4: 82(13) 81(33) 73(43) 85(91) 16(103) 39(111) 86(121) 24(126) 99(188)
InDoor #5: 75(49) 21(94) 93(108) 91(119) 70(130) 95(143) 38(193)
InDoor #6: 14(14) 43(24) 28(30) 90(41) 47(51) 26(75) 32(88) 33(104) 19(117) 55(126) 94(144) 46(199)
InDoor #7: 54(22) 18(43) 98(53) 96(88) 36(104) 12(117) 2(125) 1(140) 20(151) 50(165) 31(197)
InDoor #8: 44(24) 9(33) 11(50) 51(66) 97(78) 78(90) 56(112) 48(122) 58(138) 88(147) 74(173) 42(186) 61(200)
InDoor #9: 60(47) 35(74) 66(82) 89(130) 15(141) 22(148) 8(160) 68(173) 57(195)
InDoor #10: 80(32) 0(46) 27(53) 4(64) 87(73) 52(89) 71(124) 34(138) 83(146) 3(169) 84(176)
InDoor #11: 69(49) 29(55) 65(74) 41(130) 13(144) 37(167)
InDoor #12: 10(49) 25(77) 40(126) 7(142) 63(159) 79(171)
InDoor #13: 23(5) 64(14) 62(60) 76(166) 92(178)
InDoor #14: 59(9) 49(65)
InDoor #15: 77(60)
OuDoor #1: 32(54) 36(243)
OuDoor #2: 70(209) 39(239)
OuDoor #3: 18(116) 6(130) 66(137) 87(151) 3(231)
OuDoor #4: 73(48) 51(111) 12(118) 71(127) 60(134) 98(145) 67(224) 58(229)
OuDoor #5: 49(65) 16(74) 1(112) 28(124) 46(133) 63(138) 45(148) 75(206)
OuDoor #6: 54(60) 34(69) 53(74) 22(115) 5(126) 86(140) 20(161) 57(217) 37(225)
OuDoor #7: 33(60) 93(71) 26(131) 65(144) 89(150) 13(158) 62(171) 50(181) 85(188) 15(210) 82(218) 48(225)
OuDoor #8: 97(74) 56(95) 74(128) 68(137) 84(153) 2(166) 40(186) 42(202) 4(218) 83(228)
OuDoor #9: 23(71) 38(78) 41(100) 10(109) 35(126) 9(144) 0(163) 19(171) 91(179) 11(189) 27(205) 29(229)
OuDoor #10: 94(52) 99(74) 69(82) 96(93) 72(109) 44(152) 30(187) 95(202) 92(230) 76(236) 61(243)
OuDoor #11: 31(72) 79(83) 25(103) 78(184) 8(190) 88(196) 43(233)
OuDoor #12: 90(182) 77(201) 14(234) 7(240) 59(245)
OuDoor #13: 17(105) 64(184) 52(192) 21(202)
OuDoor #14: 80(82) 81(96) 47(185) 24(205)
OuDoor #15: 55(200)
Cost 2243565.70
DetCost 2175650
Time 458.32
InDoor #1:
InDoor #2:
InDoor #3: 85(91)
InDoor #4: 9(33) 75(49) 97(78) 32(88) 21(94) 53(121) 94(144)
InDoor #5: 82(13) 14(21) 87(72) 96(88) 71(124) 34(138) 88(147)
InDoor #6: 30(19) 67(28) 47(50) 66(82) 78(92) 40(126) 1(140) 20(151)
InDoor #7: 43(24) 54(29) 90(41) 98(53) 35(74) 52(89) 19(117) 89(130) 7(142) 13(147) 63(159)
InDoor #8: 72(21) 28(30) 60(47) 51(66) 25(77) 24(124) 58(138) 22(147) 50(165) 68(174)
InDoor #9: 44(24) 80(33) 0(46) 11(53) 65(74) 6(92) 36(104) 91(119) 70(130) 95(143) 8(160) 79(171) 38(193)
InDoor #10: 69(49) 49(65) 26(75) 33(104) 56(112) 17(122) 41(132) 83(146) 76(166) 74(173) 42(186) 61(200)
InDoor #11: 18(43) 29(55) 4(64) 16(103) 39(111) 2(125) 15(141) 37(167) 92(178) 31(197)
InDoor #12: 81(33) 10(49) 62(60) 93(108) 86(120) 3(169)
InDoor #13: 23(5) 45(46) 77(60) 5(114) 55(124) 99(188) 46(199)
InDoor #14: 64(14) 73(43) 27(53) 12(117) 84(176) 57(195)
InDoor #15: 59(9) 48(122)
OuDoor #1:
OuDoor #2: 92(247)
OuDoor #3: 32(54) 51(111) 12(118) 7(252)
OuDoor #4: 56(95) 10(109) 89(150) 0(163) 55(200) 76(236) 61(243)
OuDoor #5: 97(74) 25(103) 22(115) 19(171) 47(185) 36(243)
OuDoor #6: 73(48) 99(76) 96(93) 50(181) 11(189) 14(243)
OuDoor #7: 93(71) 72(109) 35(126) 87(151) 13(158) 62(171) 90(182) 59(241)
OuDoor #8: 94(52) 38(78) 18(116) 74(128) 65(144) 84(153) 2(166) 78(184) 21(200) 15(209) 57(217)
OuDoor #9: 49(65) 23(71) 41(100) 1(112) 5(126) 98(145) 40(186) 24(205) 3(231)
OuDoor #10: 53(74) 79(83) 81(96) 17(105) 28(124) 6(130) 66(137) 44(152) 20(161) 91(182) 52(192) 42(202) 58(229)
OuDoor #11: 31(72) 69(82) 71(127) 46(133) 9(144) 64(184) 8(190) 77(201) 48(225)
OuDoor #12: 54(60) 16(74) 80(82) 60(134) 85(188) 95(202) 37(225)
OuDoor #13: 26(131) 63(138) 45(148) 30(187) 88(196) 75(206) 4(217) 67(225) 43(230)
OuDoor #14: 33(60) 34(70) 86(140) 27(205) 39(224) 29(229)
OuDoor #15: 68(137) 70(209) 83(228) 82(236)
Cost 2249757.53
DetCost 2187987
Time 637.21
InDoor #1: 23(5) 51(66)
InDoor #2: 49(65) 35(74) 66(82)
InDoor #3: 82(13) 45(46) 77(60) 65(74) 52(89)
InDoor #4: 59(9) 60(47) 87(72) 78(90)
InDoor #5: 73(43) 27(53) 97(78) 96(88) 33(104) 79(171)
InDoor #6: 67(28) 10(49) 62(60) 26(75) 32(88) 21(94) 16(103) 56(112) 48(122) 92(178)
InDoor #7: 75(49) 29(55) 25(77) 6(92) 93(108) 86(120) 40(126) 76(166) 74(173)
InDoor #8: 30(19) 28(30) 69(49) 85(91) 36(104) 12(117) 2(125) 63(159)
InDoor #9: 72(21) 81(33) 47(50) 4(64) 91(119) 41(130) 50(165) 68(174) 38(193)
InDoor #10: 44(24) 0(46) 39(111) 17(122) 89(132) 7(142) 8(160) 3(169) 84(176) 31(197)
InDoor #11: 9(33) 11(50) 5(114) 55(124) 70(130) 15(141) 22(148) 61(200)
InDoor #12: 90(41) 98(53) 19(117) 71(126) 58(138) 95(144) 83(149) 20(154) 37(167) 42(186)
InDoor #13: 54(22) 80(32) 18(43) 24(124) 34(138) 88(147) 99(188) 57(195)
InDoor #14: 64(14) 53(121) 1(140) 94(148) 46(199)
InDoor #15: 14(14) 43(24) 13(144)
OuDoor #1:
OuDoor #2: 25(103) 24(205) 7(243) 14(248)
OuDoor #3: 96(93) 72(109) 42(202) 92(237) 43(243)
OuDoor #4: 80(82) 41(100) 51(111) 5(126) 30(187) 61(243)
OuDoor #5: 34(70) 56(95) 17(105) 22(115) 35(126) 77(201)
OuDoor #6: 16(74) 79(83) 81(96) 10(108) 12(118) 71(127) 46(133) 9(144) 27(205) 82(229) 76(236) 36(243)
OuDoor #7: 31(72) 1(112) 28(124) 6(130) 68(137) 65(144) 64(184) 52(192) 21(202) 48(225) 39(239)
OuDoor #8: 32(54) 97(74) 18(116) 26(130) 66(137) 89(150) 50(181) 40(186) 95(202)
OuDoor #9: 73(48) 23(71) 69(82) 60(134) 86(140) 45(148) 78(184) 11(189) 88(196)
OuDoor #10: 33(60) 99(76) 74(128) 98(143) 84(153) 90(182) 15(209) 57(217)
OuDoor #11: 49(65) 38(78) 63(138) 44(152) 62(171) 8(190) 55(200) 3(231)
OuDoor #12: 94(52) 54(60) 93(71) 87(151) 13(158) 0(163) 19(171) 47(185) 75(206) 37(223) 29(229)
OuDoor #13: 20(161) 85(188) 67(224) 58(229)
OuDoor #14: 53(74) 2(166) 91(182) 4(218)
OuDoor #15: 70(209) 83(228) 59(244)
Cost 2239781.38
DetCost 2175752
Time 1214.87
