InDoor #1: 30(19) 14(27) 4(64) 38(193) 29(255) 5(314)
InDoor #2: 23(5) 11(50) 32(88) 33(104) 16(112) 7(342)
InDoor #3: 17(122) 34(138) 22(147) 8(160) 31(197) 35(274) 21(294)
InDoor #4: 10(49) 25(77) 6(92) 36(104) 24(124) 1(140) 0(246) 20(351)
InDoor #5: 2(125) 19(133) 15(142) 3(169) 18(243) 13(344)
InDoor #6: 9(33) 28(38) 26(75) 27(253) 39(311) 12(321) 37(367)
OuDoor #1: 38(83) 26(92) 6(104) 24(273) 9(388) 10(394)
OuDoor #2: 27(104) 21(124) 22(167) 37(368) 20(377) 16(387)
OuDoor #3: 12(130) 28(159) 3(179) 18(184) 23(317) 4(364) 5(415)
OuDoor #4: 35(146) 39(152) 29(293) 36(338) 11(368) 13(377) 8(387)
OuDoor #5: 32(151) 31(165) 17(173) 30(182) 2(263) 34(309) 1(391)
OuDoor #6: 19(-1) 25(50) 0(114) 15(165) 14(222) 7(377) 33(385)
Cost 107253.92
DetCost 106766
Time 1507.67
InDoor #1: 30(19) 4(64) 33(104) 19(117) 22(147) 31(197)
InDoor #2: 36(104) 2(125) 1(140) 15(148) 8(160) 29(255) 7(342)
InDoor #3: 11(50) 32(88) 34(138) 27(253) 39(311) 13(344)
InDoor #4: 23(5) 10(49) 25(77) 26(86) 6(96) 16(106) 24(124) 18(243)
InDoor #5: 9(33) 17(122) 3(169) 0(246) 20(351) 37(367)
InDoor #6: 14(14) 28(30) 38(193) 35(274) 21(294) 12(317) 5(323)
OuDoor #1: 26(102) 21(123) 12(130) 28(159) 37(382) 1(397)
OuDoor #2: 0(118) 39(152) 3(179) 18(184) 24(273) 4(363)
OuDoor #3: 38(77) 27(104) 34(288) 29(298) 36(338) 16(362) 13(371)
OuDoor #4: 6(104) 35(146) 32(152) 31(163) 22(171) 17(182) 2(263)
OuDoor #5: 19(-1) 25(50) 15(166) 30(182) 11(368) 7(377) 33(385)
OuDoor #6: 14(222) 23(317) 8(367) 10(375) 20(384) 5(394) 9(404)
Cost 107222.34
DetCost 106769
Time 1648.23
InDoor #1: 28(30) 14(37) 16(103) 2(125) 29(255) 20(351)
InDoor #2: 23(5) 4(64) 26(75) 24(124) 0(246) 35(274)
InDoor #3: 30(19) 9(33) 17(122) 18(243) 21(294) 13(344) 37(367)
InDoor #4: 10(49) 25(77) 33(104) 19(117) 34(138) 22(147) 27(253)
InDoor #5: 32(88) 8(160) 31(197) 38(206) 39(311) 12(321) 5(327)
InDoor #6: 11(50) 6(92) 36(104) 1(140) 15(148) 3(169) 7(342)
OuDoor #1: 32(151) 15(165) 22(171) 24(273) 11(368) 10(394)
OuDoor #2: 26(90) 6(106) 35(146) 14(222) 4(363) 13(372)
OuDoor #3: 19(-1) 25(50) 2(263) 36(338) 7(377) 33(385) 5(415)
OuDoor #4: 28(159) 17(167) 3(176) 18(187) 29(293) 34(304) 23(320)
OuDoor #5: 38(77) 27(104) 21(126) 30(171) 16(372) 9(381) 1(393)
OuDoor #6: 0(110) 12(129) 39(152) 31(167) 20(376) 8(386) 37(398)
Cost 107336.85
DetCost 106750
Time 1702.38
InDoor #1: 9(33) 10(49) 3(169) 38(193) 5(314) 39(322) 12(332)
InDoor #2: 14(14) 23(20) 11(50) 32(88) 6(94) 36(104) 17(122)
InDoor #3: 30(19) 28(30) 4(64) 26(75) 24(124) 34(138) 29(255)
InDoor #4: 2(125) 15(141) 8(160) 21(294) 7(342) 20(351) 37(367)
InDoor #5: 16(103) 33(111) 19(119) 1(140) 22(148) 0(246) 35(274)
InDoor #6: 25(77) 31(197) 18(243) 27(253) 13(344)
OuDoor #1: 25(50) 38(74) 19(83) 26(102) 30(182) 36(347)
OuDoor #2: 27(104) 12(129) 32(144) 28(159) 14(222) 29(293)
OuDoor #3: 6(104) 0(114) 35(146) 17(167) 3(182) 18(187) 24(273)
OuDoor #4: 21(133) 23(317) 11(368) 8(377) 33(385) 10(395) 5(415)
OuDoor #5: 39(152) 22(166) 15(173) 4(363) 13(372) 7(382) 9(404)
OuDoor #6: 31(169) 2(263) 34(309) 16(363) 37(372) 20(381) 1(393)
Cost 107387.66
DetCost 106780
Time 1694.37
InDoor #1: 14(14) 9(33) 6(92) 33(104) 19(117) 38(193) 29(255)
InDoor #2: 28(30) 10(49) 4(64) 26(75) 16(103) 2(125)
InDoor #3: 23(5) 11(50) 36(104) 24(124) 8(160) 21(294) 20(351)
InDoor #4: 32(88) 17(122) 22(147) 18(243) 27(253) 12(317) 13(344)
InDoor #5: 34(138) 31(197) 0(246) 35(274) 5(314) 7(342)
InDoor #6: 30(19) 25(77) 1(140) 15(148) 3(169) 39(311) 37(367)
OuDoor #1: 19(-1) 25(50) 38(77) 21(124) 32(160) 24(273)
OuDoor #2: 0(111) 15(164) 22(169) 31(176) 34(304) 23(320)
OuDoor #3: 12(129) 35(146) 17(166) 30(175) 3(184) 11(368) 1(395)
OuDoor #4: 27(104) 28(159) 18(187) 2(263) 29(293) 13(371) 7(381)
OuDoor #5: 26(91) 6(104) 8(368) 10(376) 9(385) 20(391) 5(415)
OuDoor #6: 39(152) 14(222) 36(338) 4(364) 16(376) 33(385) 37(398)
Cost 107274.58
DetCost 106759
Time 1423.76
InDoor #1: 25(77) 26(86) 36(104) 16(114) 19(122) 37(367)
InDoor #2: 10(49) 33(104) 2(125) 1(140) 38(193) 35(274)
InDoor #3: 23(5) 14(14) 9(33) 4(64) 24(124) 34(138) 31(197)
InDoor #4: 11(50) 17(122) 22(147) 8(160) 3(169) 29(255) 13(344)
InDoor #5: 32(88) 6(94) 15(141) 18(243) 27(253) 5(314) 39(322) 7(342)
InDoor #6: 30(19) 28(30) 0(246) 21(294) 12(317) 20(351)
OuDoor #1: 0(118) 12(129) 3(184) 36(338) 4(365) 33(385)
OuDoor #2: 25(50) 6(106) 39(152) 15(164) 20(374) 16(384)
OuDoor #3: 38(77) 35(146) 30(171) 29(293) 7(382) 5(394) 9(404)
OuDoor #4: 19(83) 28(159) 14(222) 24(273) 8(372) 37(380) 1(395)
OuDoor #5: 26(94) 27(104) 21(130) 32(155) 31(166) 17(178) 18(187) 2(263)
OuDoor #6: 22(169) 34(301) 23(317) 11(368) 13(377) 10(387)
Cost 107260.06
DetCost 106765
Time 1773.63
InDoor #1: 14(14) 23(20) 28(30) 18(243) 12(317) 20(351)
InDoor #2: 10(49) 32(88) 6(94) 2(125) 1(140) 0(246) 35(274)
InDoor #3: 4(64) 24(124) 19(133) 29(255) 27(263) 21(294)
InDoor #4: 9(33) 33(104) 17(122) 22(147) 15(154) 31(197) 7(342) 37(367)
InDoor #5: 30(19) 11(50) 34(138) 3(169) 38(193) 5(314)
InDoor #6: 25(77) 26(86) 36(104) 16(114) 8(160) 39(311) 13(344)
OuDoor #1: 2(263) 11(368) 16(379) 20(388) 37(398) 5(415)
OuDoor #2: 38(80) 27(104) 0(113) 29(293) 23(320) 1(393)
OuDoor #3: 25(50) 19(83) 21(126) 35(146) 39(152) 24(273) 34(309)
OuDoor #4: 6(105) 32(144) 28(159) 15(167) 14(222) 33(385) 9(404)
OuDoor #5: 26(102) 12(130) 17(166) 3(177) 30(182) 36(338) 13(372)
OuDoor #6: 31(163) 22(171) 18(184) 4(362) 10(371) 8(380) 7(388)
Cost 107389.65
DetCost 106771
Time 1673.50
InDoor #1: 33(104) 1(140) 18(243) 35(274) 5(314) 20(351)
InDoor #2: 30(19) 28(30) 34(138) 0(246) 21(294) 39(311)
InDoor #3: 10(49) 4(64) 32(88) 36(104) 2(125) 19(133) 8(160) 38(193)
InDoor #4: 24(124) 22(147) 3(169) 29(255) 27(263) 13(344)
InDoor #5: 14(14) 9(33) 6(92) 17(122) 31(197) 12(317) 37(367)
InDoor #6: 23(5) 11(50) 26(75) 25(85) 16(103) 15(141) 7(342)
OuDoor #1: 39(152) 3(171) 31(176) 2(263) 11(368) 10(394)
OuDoor #2: 38(83) 21(126) 23(317) 37(373) 16(382) 20(391) 5(415)
OuDoor #3: 27(104) 12(129) 32(160) 34(309) 36(338) 4(363)
OuDoor #4: 35(146) 28(159) 15(167) 22(172) 30(182) 17(191) 24(273)
OuDoor #5: 19(-1) 25(50) 26(95) 0(110) 18(189) 13(372) 33(385)
OuDoor #6: 6(106) 14(222) 29(293) 7(375) 8(383) 9(391) 1(397)
Cost 107276.83
DetCost 106791
Time 1574.03
InDoor #1: 23(5) 15(141) 29(255) 5(314) 12(322) 20(351)
InDoor #2: 32(88) 36(104) 34(138) 22(147) 8(160) 3(169) 38(193)
InDoor #3: 6(92) 16(103) 0(246) 21(294) 35(302) 39(311)
InDoor #4: 9(33) 14(38) 28(44) 10(51) 25(77) 17(122) 18(243) 7(342)
InDoor #5: 30(19) 11(50) 24(124) 1(140) 31(197) 27(253)
InDoor #6: 4(64) 26(75) 33(104) 2(125) 19(133) 13(344) 37(367)
OuDoor #1: 6(104) 32(160) 18(187) 24(273) 36(338) 11(368)
OuDoor #2: 27(104) 12(129) 28(159) 30(168) 23(320) 1(397)
OuDoor #3: 19(-1) 25(50) 26(95) 0(110) 22(167) 7(382) 20(391)
OuDoor #4: 38(76) 3(184) 14(222) 2(263) 34(309) 13(375) 8(385)
OuDoor #5: 21(126) 35(146) 39(152) 15(165) 31(170) 17(178) 4(363)
OuDoor #6: 29(293) 16(367) 37(376) 33(385) 9(395) 10(401) 5(415)
Cost 107389.40
DetCost 106757
Time 1721.63
InDoor #1: 33(104) 16(112) 19(120) 15(141) 8(160) 31(197)
InDoor #2: 14(14) 24(124) 3(169) 0(246) 27(253) 7(342)
InDoor #3: 11(50) 26(75) 17(122) 22(147) 18(243) 5(314) 37(367)
InDoor #4: 23(5) 30(19) 9(33) 4(64) 6(92) 2(125) 1(140)
InDoor #5: 25(77) 36(104) 34(138) 38(193) 21(294) 12(317) 20(351)
InDoor #6: 28(30) 10(49) 32(88) 29(255) 35(274) 39(311) 13(344)
OuDoor #1: 21(124) 29(293) 8(374) 10(382) 20(391) 5(415)
OuDoor #2: 6(107) 35(146) 31(169) 3(177) 30(182) 34(309)
OuDoor #3: 32(146) 28(159) 17(180) 18(189) 2(263) 7(377) 33(385)
OuDoor #4: 19(-1) 25(50) 26(95) 0(110) 39(152) 15(163) 4(364)
OuDoor #5: 38(77) 12(129) 14(222) 23(317) 36(338) 11(368) 16(384)
OuDoor #6: 27(104) 22(171) 24(273) 13(369) 37(379) 9(388) 1(395)
Cost 107274.23
DetCost 106761
Time 1515.84
