InDoor #1: 14(14) 59(49) 35(58) 44(65) 23(125) 42(186) 46(199)
InDoor #2: 37(7) 1(60) 11(130) 36(144) 3(249)
InDoor #3: 22(27) 19(197) 4(224) 21(233) 40(286) 30(339)
InDoor #4: 25(37) 0(86) 15(181) 53(241) 27(333) 52(341)
InDoor #5: 43(24) 32(88) 49(185) 48(282) 45(290) 2(325) 51(346)
InDoor #6: 18(3) 55(44) 5(74) 29(95) 24(124)
InDoor #7: 16(103) 39(111) 13(144) 28(270) 12(317) 17(323)
InDoor #8: 6(12) 34(98) 10(129) 20(151) 7(222) 38(273) 41(330)
InDoor #9: 58(58) 9(73) 31(237) 47(250) 54(262) 57(315)
InDoor #10: 26(35) 50(85) 33(304) 56(312) 8(360)
OuDoor #1: 40(75) 49(115) 31(154) 9(210) 3(223) 6(310)
OuDoor #2: 13(178) 34(218) 46(250) 44(261) 1(269) 0(366)
OuDoor #3: 57(216) 39(222) 42(309) 59(350) 35(360) 33(365)
OuDoor #4: 48(100) 54(167) 38(173) 8(308) 28(351) 17(359)
OuDoor #5: 2(97) 19(123) 16(200) 11(207) 36(217) 26(293) 20(341)
OuDoor #6: 43(125) 15(239) 14(245) 56(272) 37(320)
OuDoor #7: 30(123) 45(164) 5(273) 23(289) 10(361) 21(392)
OuDoor #8: 18(113) 47(128) 51(151) 4(163) 50(171) 7(341)
OuDoor #9: 55(67) 41(76) 53(171) 32(260) 24(273) 29(303)
OuDoor #10: 12(56) 22(321) 25(329) 58(364) 52(373) 27(382)
Cost 258539.67
DetCost 256037
Time 1502.70
InDoor #1: 6(12) 1(60) 5(74) 32(88) 42(186) 56(312)
InDoor #2: 18(3) 58(58) 15(181) 19(197) 4(224) 3(249)
InDoor #3: 49(185) 31(237) 45(286) 57(315) 17(324) 52(334)
InDoor #4: 37(7) 0(86) 46(199) 47(250) 41(330) 51(346)
InDoor #5: 34(98) 10(129) 36(144) 53(241) 38(273) 27(333)
InDoor #6: 14(14) 22(27) 43(34) 16(103) 13(144) 2(325) 30(339)
InDoor #7: 26(35) 29(95) 39(111) 20(151) 21(214)
InDoor #8: 55(44) 11(130) 54(262) 40(286) 12(317) 8(360)
InDoor #9: 25(37) 59(49) 50(85) 23(125) 7(222) 28(270) 33(304)
InDoor #10: 35(34) 44(64) 9(73) 24(124) 48(282)
OuDoor #1: 12(58) 40(75) 2(93) 48(100) 49(115) 9(210) 56(272)
OuDoor #2: 13(166) 54(176) 57(216) 1(269) 10(361) 21(393)
OuDoor #3: 4(165) 11(206) 36(214) 39(224) 32(260)
OuDoor #4: 18(114) 19(123) 34(215) 3(223) 44(267) 17(359)
OuDoor #5: 55(67) 43(125) 38(169) 20(339) 33(345) 28(351) 35(361)
OuDoor #6: 30(123) 51(147) 45(164) 25(329) 59(350)
OuDoor #7: 41(67) 47(128) 50(171) 15(233) 14(245) 46(255) 5(273)
OuDoor #8: 53(171) 24(273) 7(338) 0(369) 58(397)
OuDoor #9: 31(154) 16(203) 23(289) 42(309) 22(321) 37(329)
OuDoor #10: 26(291) 29(301) 8(311) 6(319) 52(369) 27(378)
Cost 258743.68
DetCost 256041
Time 1764.38
InDoor #1: 5(74) 32(88) 34(98) 39(111) 54(262) 41(330)
InDoor #2: 14(14) 29(95) 24(124) 10(133) 49(185) 19(197) 47(250)
InDoor #3: 16(103) 42(186) 7(222) 28(270) 48(282)
InDoor #4: 6(12) 55(44) 0(86) 13(144) 27(333) 8(360)
InDoor #5: 20(151) 31(237) 3(249) 40(286) 57(315) 51(346)
InDoor #6: 18(3) 36(144) 15(181) 46(199) 21(214) 53(241) 30(339)
InDoor #7: 43(24) 35(34) 1(60) 9(73) 50(85) 38(273)
InDoor #8: 26(35) 59(49) 33(304) 12(317) 17(323)
InDoor #9: 37(7) 58(58) 11(130) 4(224) 45(286) 52(329)
InDoor #10: 22(27) 25(37) 44(64) 23(125) 2(325) 56(333)
OuDoor #1: 2(97) 19(123) 56(266) 24(273) 8(311) 21(392)
OuDoor #2: 12(58) 55(67) 48(100) 18(116) 43(125) 57(216)
OuDoor #3: 30(123) 9(210) 39(224) 44(266) 5(274) 23(289)
OuDoor #4: 49(112) 47(128) 45(164) 32(260) 28(351) 35(363)
OuDoor #5: 38(172) 1(269) 26(293) 42(309) 33(352) 17(359)
OuDoor #6: 16(199) 11(207) 34(218) 29(300) 6(310) 59(350)
OuDoor #7: 50(177) 3(223) 25(325) 37(332) 0(365) 10(375)
OuDoor #8: 41(66) 40(75) 31(157) 54(168) 13(174) 22(321) 7(338)
OuDoor #9: 51(145) 36(217) 14(227) 46(249) 15(255)
OuDoor #10: 53(158) 4(165) 20(337) 52(367) 58(376) 27(382)
Cost 258542.88
DetCost 256057
Time 1423.27
InDoor #1: 43(24) 58(58) 59(64) 20(151) 52(329) 8(360)
InDoor #2: 50(85) 13(144) 21(214) 53(241) 54(262) 56(312)
InDoor #3: 22(27) 35(34) 55(44) 44(64) 9(73) 3(249)
InDoor #4: 49(185) 46(199) 28(270) 40(286) 57(315) 51(346)
InDoor #5: 0(86) 42(186) 48(282) 12(317) 27(333) 2(341)
InDoor #6: 6(12) 5(74) 39(111) 4(224) 38(273) 30(339)
InDoor #7: 25(37) 32(88) 34(98) 19(197) 7(222) 17(322)
InDoor #8: 37(7) 16(103) 23(125) 36(144) 31(237) 41(330)
InDoor #9: 26(35) 1(60) 29(95) 11(130) 47(250) 45(286) 33(304)
InDoor #10: 18(3) 14(14) 24(124) 10(133) 15(181)
OuDoor #1: 18(113) 51(153) 53(160) 4(165) 46(255) 26(295)
OuDoor #2: 45(164) 50(174) 14(245) 5(255) 24(273) 7(344)
OuDoor #3: 55(61) 3(223) 44(261) 1(269) 6(308) 21(392)
OuDoor #4: 36(204) 34(218) 23(289) 29(299) 42(309) 35(363)
OuDoor #5: 2(97) 16(197) 9(210) 20(339) 33(345) 28(351) 17(359)
OuDoor #6: 48(100) 56(272) 8(308) 59(350) 27(380)
OuDoor #7: 12(55) 41(64) 40(75) 47(128) 11(207) 57(216) 0(366)
OuDoor #8: 49(113) 30(123) 38(169) 54(174) 39(224) 32(260)
OuDoor #9: 43(125) 31(151) 15(243) 22(321) 37(329) 52(381)
OuDoor #10: 19(123) 13(178) 25(326) 58(362) 10(367)
Cost 258497.09
DetCost 256040
Time 1520.08
InDoor #1: 32(88) 29(95) 13(144) 28(270) 45(286) 33(304)
InDoor #2: 5(74) 34(98) 39(111) 11(130) 20(151) 53(241)
InDoor #3: 55(44) 16(103) 23(125) 21(214) 7(222) 40(286)
InDoor #4: 18(3) 44(64) 9(73) 50(85) 2(325) 30(339)
InDoor #5: 35(34) 0(86) 4(224) 31(237) 54(262) 38(273)
InDoor #6: 6(12) 14(22) 25(37) 1(60) 19(197) 27(333)
InDoor #7: 43(24) 26(35) 22(45) 24(124) 10(133) 17(322)
InDoor #8: 58(58) 59(64) 42(186) 46(199) 57(315) 51(346)
InDoor #9: 37(7) 49(185) 15(191) 3(249) 41(330) 52(340)
InDoor #10: 36(144) 47(250) 48(282) 56(312) 12(321) 8(360)
OuDoor #1: 47(128) 4(158) 45(164) 5(273) 23(289) 22(321)
OuDoor #2: 2(93) 48(100) 18(111) 43(125) 31(151) 25(326)
OuDoor #3: 12(57) 30(123) 50(174) 29(299) 42(309) 52(369)
OuDoor #4: 55(63) 49(112) 19(123) 33(344) 59(350) 0(367)
OuDoor #5: 46(245) 32(260) 24(273) 35(362) 10(367) 27(380)
OuDoor #6: 16(200) 11(207) 57(216) 6(308) 37(325) 20(341)
OuDoor #7: 36(214) 39(224) 56(272) 28(351) 17(359) 58(397)
OuDoor #8: 9(209) 34(215) 3(223) 14(233) 15(243) 21(392)
OuDoor #9: 40(75) 54(167) 38(173) 1(269) 26(301) 8(308) 7(344)
OuDoor #10: 41(73) 53(144) 51(153) 13(178) 44(268)
Cost 258980.43
DetCost 256021
Time 1786.41
InDoor #1: 29(95) 39(111) 36(144) 3(249) 47(256) 57(315)
InDoor #2: 34(98) 13(144) 53(241) 40(286) 2(325) 52(333)
InDoor #3: 16(103) 20(151) 28(270) 45(286) 12(317) 56(323) 41(332)
InDoor #4: 18(3) 25(37) 49(185) 33(304) 51(346)
InDoor #5: 43(24) 26(35) 5(74) 32(88) 19(197) 17(322) 30(339)
InDoor #6: 6(12) 0(86) 42(186) 54(262) 27(333)
InDoor #7: 55(44) 1(60) 9(73) 50(85) 21(214) 38(273) 8(360)
InDoor #8: 35(34) 58(58) 23(125) 10(132) 46(199) 4(224)
InDoor #9: 22(27) 59(49) 24(124) 7(222) 48(282)
InDoor #10: 37(7) 14(17) 44(64) 11(130) 15(181) 31(237)
OuDoor #1: 47(128) 50(177) 56(261) 1(269) 26(293) 6(308)
OuDoor #2: 43(125) 45(164) 42(309) 25(328) 58(364) 52(369)
OuDoor #3: 12(55) 41(64) 30(123) 38(173) 23(289) 35(363)
OuDoor #4: 55(67) 40(75) 18(112) 19(123) 22(321) 7(341)
OuDoor #5: 48(100) 11(207) 57(216) 39(222) 59(350) 17(359)
OuDoor #6: 2(97) 54(168) 9(210) 5(264) 24(273) 28(351)
OuDoor #7: 49(111) 4(165) 13(178) 20(338) 33(353) 0(369)
OuDoor #8: 53(146) 31(157) 16(198) 36(205) 34(215) 3(223) 37(325)
OuDoor #9: 46(247) 44(273) 29(298) 8(308) 10(363)
OuDoor #10: 51(145) 15(239) 14(245) 32(260) 27(380) 21(388)
Cost 258545.44
DetCost 256020
Time 1747.40
InDoor #1: 18(3) 37(12) 26(35) 55(45) 43(50) 59(55) 11(130)
InDoor #2: 14(14) 9(73) 29(95) 39(111) 23(125) 36(144)
InDoor #3: 28(270) 12(317) 56(323) 30(339) 8(360)
InDoor #4: 25(37) 32(88) 34(98) 10(129) 7(222) 53(241)
InDoor #5: 16(103) 46(199) 31(237) 40(286) 17(322) 2(332)
InDoor #6: 0(86) 13(144) 49(185) 15(191) 33(304) 57(315)
InDoor #7: 22(27) 35(34) 5(74) 20(151) 54(262) 38(273)
InDoor #8: 1(60) 58(68) 44(74) 50(85) 47(250) 48(282) 27(333)
InDoor #9: 19(197) 21(214) 45(286) 41(330) 51(346)
InDoor #10: 6(12) 24(124) 42(186) 4(224) 3(249) 52(329)
OuDoor #1: 53(138) 51(144) 31(151) 13(178) 35(363) 21(394)
OuDoor #2: 55(64) 38(172) 56(262) 44(273) 6(307) 29(317) 7(341)
OuDoor #3: 41(76) 54(169) 23(289) 25(329) 59(350)
OuDoor #4: 12(56) 18(114) 47(128) 52(361) 58(370) 10(375)
OuDoor #5: 49(111) 30(123) 3(223) 32(260) 42(309) 20(333)
OuDoor #6: 48(100) 43(125) 45(164) 50(174) 34(218) 22(321) 0(369)
OuDoor #7: 19(123) 24(273) 26(297) 8(308) 37(320)
OuDoor #8: 40(75) 2(97) 11(205) 16(213) 33(341) 28(351)
OuDoor #9: 57(216) 14(238) 46(248) 15(254) 5(273) 17(359)
OuDoor #10: 4(165) 9(208) 36(214) 39(224) 1(269) 27(380)
Cost 258626.97
DetCost 256070
Time 1544.94
InDoor #1: 5(74) 23(125) 49(185) 31(237) 40(286) 51(346)
InDoor #2: 50(85) 11(130) 42(186) 28(270) 12(317) 41(330)
InDoor #3: 18(3) 58(58) 32(88) 19(197) 3(249) 27(333)
InDoor #4: 1(60) 16(103) 33(304) 57(315) 56(324) 52(333)
InDoor #5: 25(37) 9(73) 44(78) 34(98) 39(111) 17(322)
InDoor #6: 26(35) 29(95) 24(124) 46(199) 4(224) 7(233)
InDoor #7: 55(44) 0(86) 10(129) 13(144) 54(262) 45(286)
InDoor #8: 22(27) 20(151) 53(241) 48(282) 30(339) 8(360)
InDoor #9: 43(24) 36(144) 15(181) 21(214) 47(250) 2(325)
InDoor #10: 37(7) 14(17) 6(23) 35(34) 59(49) 38(273)
OuDoor #1: 48(100) 19(123) 51(146) 31(154) 32(260) 42(309) 17(359)
OuDoor #2: 2(97) 11(203) 9(211) 39(224) 23(289)
OuDoor #3: 43(125) 36(206) 57(216) 1(269) 7(343) 28(351)
OuDoor #4: 41(64) 40(75) 18(111) 30(123) 16(203) 34(218) 22(321)
OuDoor #5: 47(128) 13(178) 44(267) 25(326) 21(392)
OuDoor #6: 53(153) 4(163) 3(223) 26(297) 10(354) 0(368)
OuDoor #7: 49(114) 45(164) 5(257) 56(266) 24(273) 37(320)
OuDoor #8: 55(63) 54(165) 38(172) 59(350) 27(380) 58(397)
OuDoor #9: 50(174) 15(234) 14(245) 46(256) 6(313) 20(341)
OuDoor #10: 12(57) 29(295) 8(311) 33(353) 35(363) 52(369)
Cost 258638.66
DetCost 256027
Time 1697.53
InDoor #1: 6(12) 32(88) 13(144) 47(250) 40(286) 2(325)
InDoor #2: 44(64) 5(74) 20(151) 46(199) 54(262) 48(282) 12(317)
InDoor #3: 0(86) 38(273) 45(286) 57(315) 56(324) 41(333)
InDoor #4: 26(35) 43(45) 50(85) 7(222) 8(360)
InDoor #5: 37(7) 59(49) 11(130) 36(144) 15(181) 27(333) 51(346)
InDoor #6: 14(14) 42(186) 31(237) 28(270) 17(322)
InDoor #7: 25(37) 58(58) 34(98) 24(124) 49(185) 3(249)
InDoor #8: 55(44) 16(103) 39(111) 23(125) 19(197) 30(339)
InDoor #9: 22(27) 29(95) 10(129) 4(224) 21(233) 53(241) 52(329)
InDoor #10: 18(3) 35(34) 1(60) 9(73) 33(304)
OuDoor #1: 48(100) 49(114) 45(164) 34(218) 14(245) 29(299) 42(309)
OuDoor #2: 2(97) 3(223) 24(273) 33(338) 7(344) 21(392)
OuDoor #3: 4(164) 50(174) 58(362) 27(367) 52(374)
OuDoor #4: 53(138) 51(146) 31(157) 16(193) 36(200) 11(210) 17(359)
OuDoor #5: 41(68) 19(123) 54(167) 38(173) 9(212) 8(314)
OuDoor #6: 32(260) 56(272) 23(289) 28(351) 10(361)
OuDoor #7: 12(56) 55(65) 47(128) 46(249) 15(255) 1(269) 0(365)
OuDoor #8: 18(114) 30(123) 57(216) 20(337) 59(350)
OuDoor #9: 40(75) 43(125) 39(224) 5(258) 44(267) 6(312) 37(328)
OuDoor #10: 13(178) 26(297) 22(321) 25(329) 35(363)
Cost 258526.80
DetCost 256061
Time 1671.28
InDoor #1: 58(58) 15(181) 4(224) 54(262) 38(273) 45(286) 17(322)
InDoor #2: 11(130) 36(144) 3(249) 56(312) 52(329)
InDoor #3: 20(151) 53(241) 28(270) 57(315) 27(333) 51(346)
InDoor #4: 55(44) 29(95) 13(144) 12(317) 30(339) 8(360)
InDoor #5: 1(60) 9(73) 0(86) 34(98) 33(304) 41(330)
InDoor #6: 16(103) 23(125) 19(197) 7(222) 21(227) 48(282) 2(325)
InDoor #7: 25(37) 59(49) 5(74) 24(124) 10(133) 47(250)
InDoor #8: 26(35) 35(45) 44(64) 32(88) 42(186)
InDoor #9: 6(12) 22(27) 50(85) 39(111) 49(185) 46(199) 40(286)
InDoor #10: 37(7) 18(17) 14(26) 43(32) 31(237)
OuDoor #1: 54(167) 38(173) 44(265) 24(273) 37(310) 6(316)
OuDoor #2: 50(174) 56(261) 1(269) 20(336) 7(343) 28(351)
OuDoor #3: 55(63) 49(113) 19(123) 51(145) 53(152) 31(157) 23(289)
OuDoor #4: 45(164) 13(178) 29(303) 59(350) 17(359)
OuDoor #5: 43(125) 39(224) 22(321) 25(329) 10(352) 0(365)
OuDoor #6: 18(112) 30(123) 36(206) 57(216) 8(305) 33(353)
OuDoor #7: 12(54) 41(63) 40(75) 2(97) 47(128) 4(165) 35(363)
OuDoor #8: 48(100) 16(197) 9(210) 34(218) 46(259) 5(273)
OuDoor #9: 11(207) 3(223) 42(309) 27(380) 21(391)
OuDoor #10: 15(239) 14(245) 32(260) 26(301) 58(364) 52(371)
Cost 258681.34
DetCost 256026
Time 1788.84
