InDoor #1: 14(14) 2(125) 40(226) 11(250) 42(286) 7(342) 15(347) 32(488)
InDoor #2: 17(222) 10(249) 4(264) 36(304) 5(314) 22(347) 38(393) 6(492) 46(502)
InDoor #3: 12(17) 25(177) 24(224) 16(303) 3(369) 9(433) 45(446) 31(497)
InDoor #4: 30(19) 34(38) 1(140) 44(148) 37(167) 43(224) 20(251) 29(256) 28(330)
InDoor #5: 49(165) 33(204) 19(217) 23(226) 18(243) 8(260) 39(311) 21(494)
InDoor #6: 27(153) 26(175) 48(222) 47(250) 35(274) 0(346) 41(430) 13(444)
OuDoor #1: 29(108) 34(118) 12(341) 48(365) 23(417) 17(427) 26(472) 49(510)
OuDoor #2: 46(163) 16(197) 0(207) 4(266) 31(312) 47(324) 10(413) 32(535)
OuDoor #3: 39(60) 33(70) 40(75) 2(85) 13(249) 30(314) 25(381) 43(387)
OuDoor #4: 3(191) 14(249) 44(263) 5(343) 1(375) 27(390) 15(399) 41(409) 18(523)
OuDoor #5: 28(50) 36(59) 6(64) 9(174) 20(198) 42(260) 24(279) 38(457) 37(472)
OuDoor #6: 21(63) 35(71) 19(78) 11(204) 8(284) 22(298) 7(415) 45(466)
Cost 833164.97
DetCost 830532
Time 1655.21
InDoor #1: 26(175) 24(224) 11(250) 39(311) 22(347) 3(369) 9(433) 6(492)
InDoor #2: 44(124) 1(140) 27(153) 37(167) 25(177) 43(224) 36(304) 28(330) 7(342)
InDoor #3: 14(14) 23(205) 17(222) 10(249) 29(259) 42(286) 15(341) 45(446)
InDoor #4: 48(222) 47(250) 5(314) 38(393) 41(430) 13(444) 32(488) 21(494)
InDoor #5: 34(38) 33(204) 19(217) 18(243) 8(260) 35(274) 16(303) 46(499)
InDoor #6: 12(17) 30(23) 2(125) 49(165) 40(226) 20(251) 4(264) 0(346) 31(497)
OuDoor #1: 28(58) 3(190) 11(200) 0(207) 25(381) 43(387) 49(510) 32(535)
OuDoor #2: 6(63) 20(198) 14(249) 8(284) 47(324) 5(343) 48(365) 27(390) 15(399)
OuDoor #3: 34(93) 40(99) 16(200) 13(249) 4(266) 31(310) 38(457) 26(468)
OuDoor #4: 19(62) 2(68) 35(78) 21(85) 30(314) 12(339) 10(413) 45(466)
OuDoor #5: 36(63) 33(89) 29(117) 9(174) 42(260) 24(279) 7(412) 18(521)
OuDoor #6: 39(70) 46(160) 44(263) 22(291) 1(374) 41(408) 23(418) 17(428) 37(475)
Cost 832677.48
DetCost 830511
Time 1736.59
InDoor #1: 48(222) 18(243) 5(314) 3(369) 41(430) 9(440) 45(446) 31(497)
InDoor #2: 12(17) 49(165) 26(175) 33(204) 19(217) 40(226) 10(249) 4(264) 35(274)
InDoor #3: 25(177) 43(224) 23(229) 20(251) 28(330) 38(393) 13(444) 32(488) 46(499)
InDoor #4: 30(19) 34(38) 44(124) 24(224) 47(250) 8(260) 16(303) 0(346) 21(494)
InDoor #5: 14(14) 2(125) 1(140) 37(167) 29(255) 39(311) 15(341)
InDoor #6: 27(153) 17(222) 11(250) 42(286) 36(304) 7(342) 22(347) 6(492)
OuDoor #1: 11(203) 16(211) 42(260) 12(341) 25(381) 43(387) 41(409) 38(457)
OuDoor #2: 28(55) 6(64) 4(266) 22(290) 27(390) 15(399) 26(470) 18(522)
OuDoor #3: 40(98) 20(198) 14(249) 44(263) 5(343) 1(371) 7(411) 45(466)
OuDoor #4: 21(57) 36(65) 2(70) 33(89) 0(204) 13(249) 24(279) 30(314) 10(413)
OuDoor #5: 39(61) 35(71) 19(78) 46(156) 3(191) 8(284) 31(312) 32(535)
OuDoor #6: 29(108) 34(118) 9(170) 47(324) 48(365) 23(418) 17(428) 37(477) 49(510)
Cost 832423.75
DetCost 830262
Time 1781.36
InDoor #1: 2(125) 44(133) 49(165) 23(205) 48(222) 16(303) 0(346) 21(494)
InDoor #2: 34(38) 1(140) 26(175) 24(224) 18(243) 36(304) 39(314) 41(430)
InDoor #3: 43(224) 10(249) 42(286) 5(314) 7(342) 38(393) 9(433) 45(446) 32(488)
InDoor #4: 30(19) 37(167) 33(204) 19(217) 40(226) 11(250) 20(256) 22(347)
InDoor #5: 14(14) 17(222) 29(255) 4(264) 28(330) 3(369) 13(444) 6(492)
InDoor #6: 12(17) 27(153) 25(177) 47(250) 8(260) 35(274) 15(341) 31(497) 46(506)
OuDoor #1: 36(59) 21(64) 2(72) 39(82) 22(298) 17(419) 38(457) 26(472)
OuDoor #2: 33(66) 35(71) 19(78) 46(156) 14(249) 42(260) 30(314) 47(324)
OuDoor #3: 28(54) 6(63) 34(118) 16(202) 11(212) 4(266) 10(413) 37(475)
OuDoor #4: 20(198) 13(249) 44(263) 31(312) 12(340) 15(398) 41(409) 23(419)
OuDoor #5: 40(98) 29(108) 9(171) 8(282) 5(343) 48(365) 43(387) 45(466) 49(510)
OuDoor #6: 3(191) 0(201) 24(279) 1(375) 25(384) 27(390) 7(414) 18(523) 32(540)
Cost 832884.13
DetCost 830645
Time 1785.15
InDoor #1: 12(17) 37(167) 25(177) 33(204) 48(222) 8(260) 36(304) 41(430)
InDoor #2: 2(125) 1(140) 49(165) 20(251) 35(274) 16(303) 3(369) 9(433) 32(488)
InDoor #3: 14(14) 30(20) 19(217) 18(243) 29(255) 4(264) 39(311) 7(342) 13(444)
InDoor #4: 34(38) 44(124) 27(153) 43(224) 40(229) 47(250) 42(286) 5(314) 38(393)
InDoor #5: 26(175) 17(222) 23(232) 11(250) 15(341) 22(348) 6(492) 31(502)
InDoor #6: 24(224) 10(249) 28(330) 0(346) 45(446) 21(494) 46(502)
OuDoor #1: 16(197) 0(207) 24(279) 22(294) 47(324) 27(390) 7(414) 32(540)
OuDoor #2: 9(174) 3(191) 42(260) 8(284) 31(312) 25(381) 43(387) 38(457)
OuDoor #3: 28(54) 21(63) 2(71) 19(81) 29(108) 34(118) 20(198) 45(466)
OuDoor #4: 36(57) 6(62) 11(204) 12(337) 15(399) 41(408) 23(418) 17(428)
OuDoor #5: 39(65) 40(75) 35(85) 33(92) 46(159) 13(249) 44(263) 48(365) 10(413) 18(523)
OuDoor #6: 14(249) 4(266) 30(314) 5(343) 1(371) 26(468) 37(477) 49(510)
Cost 833227.88
DetCost 830637
Time 1243.48
InDoor #1: 26(175) 33(204) 40(226) 18(243) 35(274) 39(311) 3(369) 38(393)
InDoor #2: 14(14) 12(20) 27(153) 25(177) 24(224) 10(249) 7(342) 41(430) 32(488)
InDoor #3: 44(124) 1(140) 37(167) 23(205) 19(217) 43(226) 48(231) 20(251) 5(314)
InDoor #4: 17(222) 11(250) 29(256) 36(304) 22(347) 9(433) 21(494) 46(502)
InDoor #5: 2(125) 47(250) 4(264) 16(303) 28(330) 15(341) 0(348) 45(446)
InDoor #6: 30(19) 34(38) 49(165) 8(260) 42(286) 13(444) 6(492) 31(502)
OuDoor #1: 29(108) 34(118) 3(191) 0(204) 14(249) 42(260) 43(387) 10(413)
OuDoor #2: 39(65) 40(75) 2(85) 4(266) 12(340) 27(390) 26(473) 32(535)
OuDoor #3: 28(56) 21(65) 33(73) 19(78) 16(200) 13(249) 44(263) 41(409) 38(457)
OuDoor #4: 20(198) 8(284) 22(293) 30(314) 47(324) 48(365) 15(406) 23(421) 37(475)
OuDoor #5: 36(59) 6(64) 35(97) 46(158) 9(174) 11(212) 5(343) 25(389) 18(523)
OuDoor #6: 24(279) 31(310) 1(374) 7(415) 17(425) 45(466) 49(510)
Cost 832606.12
DetCost 830288
Time 1705.05
InDoor #1: 14(14) 2(125) 37(167) 43(224) 47(250) 0(346) 3(369) 9(433)
InDoor #2: 26(175) 33(204) 24(224) 18(243) 20(252) 15(341) 22(348) 45(446)
InDoor #3: 49(165) 25(177) 17(222) 40(232) 10(249) 16(303) 39(311) 38(393) 13(444)
InDoor #4: 12(17) 30(23) 48(222) 8(260) 7(342) 41(430) 32(488) 21(494) 31(502)
InDoor #5: 19(217) 11(250) 29(256) 35(274) 42(286) 5(314) 28(330) 6(492)
InDoor #6: 34(38) 44(124) 1(140) 27(153) 23(205) 4(264) 36(304) 46(499)
OuDoor #1: 36(67) 20(198) 16(207) 43(387) 15(394) 7(413) 26(469) 37(476)
OuDoor #2: 29(97) 40(107) 34(117) 3(191) 13(249) 44(263) 25(384) 27(390)
OuDoor #3: 6(63) 0(201) 11(210) 14(249) 42(260) 4(266) 48(365) 38(457)
OuDoor #4: 35(71) 2(78) 24(279) 31(312) 1(371) 10(413) 45(466) 18(523)
OuDoor #5: 39(59) 21(69) 33(77) 19(82) 5(343) 23(418) 17(428) 49(510) 32(535)
OuDoor #6: 28(54) 46(163) 9(173) 8(284) 22(291) 30(314) 47(324) 12(340) 41(409)
Cost 833198.45
DetCost 830281
Time 1408.45
InDoor #1: 30(19) 49(165) 17(222) 47(250) 29(258) 28(330) 3(369) 13(444)
InDoor #2: 1(140) 37(167) 23(205) 19(217) 24(226) 10(249) 35(274) 39(311)
InDoor #3: 34(38) 25(177) 40(226) 20(251) 4(264) 0(346) 9(433) 21(494)
InDoor #4: 44(124) 27(153) 18(243) 8(260) 5(314) 7(342) 41(430) 45(446) 6(492)
InDoor #5: 26(175) 43(224) 36(304) 15(341) 38(393) 32(488) 31(497) 46(506)
InDoor #6: 12(17) 14(23) 2(125) 33(204) 48(222) 11(250) 42(286) 16(303) 22(347)
OuDoor #1: 6(61) 2(78) 3(191) 11(212) 5(343) 43(387) 15(394) 7(415) 45(466)
OuDoor #2: 46(160) 20(198) 14(249) 4(266) 8(284) 22(291) 25(384) 27(390) 37(472)
OuDoor #3: 28(54) 21(63) 19(71) 34(111) 29(117) 13(249) 44(263) 1(369) 41(409)
OuDoor #4: 39(70) 0(204) 42(260) 24(279) 12(337) 48(365) 38(456) 49(510)
OuDoor #5: 36(63) 40(87) 35(97) 16(202) 47(324) 10(413) 26(470) 18(523)
OuDoor #6: 33(89) 9(172) 30(306) 31(312) 17(417) 23(425) 32(535)
Cost 833214.85
DetCost 830233
Time 1727.73
InDoor #1: 12(17) 1(140) 26(175) 33(204) 17(222) 10(249) 36(304) 6(492)
InDoor #2: 30(19) 44(124) 37(167) 40(226) 18(243) 16(303) 5(314) 28(330) 0(346)
InDoor #3: 2(125) 24(224) 20(251) 42(286) 38(393) 9(433) 13(444) 32(488) 31(497)
InDoor #4: 49(165) 25(177) 43(224) 47(250) 29(258) 3(369) 41(430) 46(499)
InDoor #5: 14(14) 23(205) 19(217) 11(250) 8(260) 35(274) 39(311) 15(341)
InDoor #6: 34(38) 27(153) 48(222) 4(264) 7(342) 22(347) 45(446) 21(494)
OuDoor #1: 35(86) 34(93) 40(99) 4(266) 47(324) 12(341) 1(375) 49(510)
OuDoor #2: 46(157) 13(249) 42(260) 30(314) 5(343) 10(413) 18(523) 32(536)
OuDoor #3: 21(63) 19(71) 20(198) 11(207) 14(248) 44(263) 8(284) 41(409) 45(466)
OuDoor #4: 33(89) 9(174) 3(191) 0(201) 16(210) 31(312) 43(387) 15(394)
OuDoor #5: 28(54) 6(63) 36(72) 24(279) 27(390) 7(412) 17(421) 23(429) 38(457)
OuDoor #6: 2(60) 39(70) 29(117) 22(291) 48(365) 25(389) 26(468) 37(477)
Cost 831909.25
DetCost 830520
Time 1612.33
InDoor #1: 14(14) 2(125) 44(133) 23(205) 11(250) 8(260) 5(314) 13(444)
InDoor #2: 1(140) 49(165) 25(177) 19(217) 40(226) 20(251) 4(264) 36(304) 41(430)
InDoor #3: 47(250) 42(286) 28(330) 7(342) 22(347) 9(433) 32(488) 21(494)
InDoor #4: 26(175) 33(204) 48(222) 43(230) 18(243) 29(255) 16(303) 15(341) 46(499)
InDoor #5: 30(19) 12(27) 34(38) 37(167) 24(224) 39(311) 3(369) 45(446) 31(497)
InDoor #6: 27(153) 17(222) 10(249) 35(274) 0(346) 38(393) 6(492)
OuDoor #1: 28(55) 6(64) 39(73) 9(174) 24(279) 30(314) 15(406) 45(466)
OuDoor #2: 46(156) 20(198) 44(263) 47(324) 12(340) 1(373) 7(415) 38(457) 18(523)
OuDoor #3: 21(61) 19(69) 2(75) 40(85) 34(95) 35(101) 5(343) 48(365) 41(409)
OuDoor #4: 29(117) 3(191) 0(207) 13(249) 8(284) 22(294) 31(312) 26(470)
OuDoor #5: 33(58) 36(63) 14(249) 42(260) 43(387) 23(417) 17(427) 37(477)
OuDoor #6: 11(204) 16(211) 4(266) 25(384) 27(390) 10(413) 49(510) 32(535)
Cost 833016.53
DetCost 830534
Time 1686.66
