InDoor #1: 18(3) 13(24) 26(35)
InDoor #2: 24(4) 2(25) 21(34)
InDoor #3: 10(9) 12(19) 27(33) 7(42) 8(60)
InDoor #4: 19(17) 28(30) 25(37)
InDoor #5: 14(14) 17(22) 29(35) 4(44)
InDoor #6: 5(14) 20(31) 16(43) 1(60)
InDoor #7: 23(5) 9(13) 3(18) 0(26)
InDoor #8: 15(1) 11(10) 6(16) 22(27)
OuDoor #1: 10(82) 0(91) 25(99)
OuDoor #2: 9(55) 23(68) 29(82)
OuDoor #3: 16(56) 27(73) 17(84) 15(92)
OuDoor #4: 3(51) 12(60) 24(82) 26(90)
OuDoor #5: 4(56) 11(64) 2(81) 28(87) 18(93)
OuDoor #6: 22(57) 7(81) 19(91) 13(97)
OuDoor #7: 20(65) 14(87) 1(96)
OuDoor #8: 8(80) 21(90) 5(99) 6(106)
Cost 36657.05
DetCost 31884
Time 1791.08
InDoor #1: 23(5) 6(12) 0(26)
InDoor #2: 10(9) 3(19) 29(35)
InDoor #3: 11(10) 14(16) 28(30) 25(37)
InDoor #4: 22(27) 20(34) 7(42) 8(60)
InDoor #5: 5(14) 17(22) 21(34) 16(43)
InDoor #6: 18(3) 19(17) 27(33) 4(44) 1(60)
InDoor #7: 9(13) 13(24) 26(35)
InDoor #8: 15(1) 24(8) 12(17) 2(25)
OuDoor #1: 18(85) 0(93) 15(101)
OuDoor #2: 22(57) 23(68) 14(81) 26(90)
OuDoor #3: 3(51) 12(60) 27(73) 10(82)
OuDoor #4: 4(56) 8(74) 17(84)
OuDoor #5: 16(56) 20(65) 29(82) 21(91)
OuDoor #6: 9(54) 11(64) 7(81) 19(91)
OuDoor #7: 2(81) 25(87) 5(93) 13(100) 6(105)
OuDoor #8: 28(83) 24(89) 1(97)
Cost 36536.66
DetCost 30984
Time 1792.27
InDoor #1: 24(4) 12(17) 13(24)
InDoor #2: 6(12) 20(31) 26(36)
InDoor #3: 9(13) 2(25) 27(33) 4(44)
InDoor #4: 3(9) 17(22) 21(34) 16(43) 8(60)
InDoor #5: 19(17) 29(35) 7(43) 1(60)
InDoor #6: 15(1) 5(14) 28(30) 25(37)
InDoor #7: 18(3) 14(14) 23(20) 0(27)
InDoor #8: 10(9) 11(19) 22(27)
OuDoor #1: 21(86) 0(95) 5(103)
OuDoor #2: 4(56) 20(65) 10(82)
OuDoor #3: 9(54) 11(64) 8(74) 17(84)
OuDoor #4: 16(56) 29(82) 1(91) 15(100)
OuDoor #5: 3(51) 12(60) 27(70) 7(79) 24(89)
OuDoor #6: 22(57) 23(68) 14(81) 26(90)
OuDoor #7: 28(84) 19(92) 6(98)
OuDoor #8: 2(83) 25(89) 13(94) 18(99)
Cost 36036.55
DetCost 31371
Time 1128.07
InDoor #1: 23(5) 19(17) 22(27)
InDoor #2: 24(4) 12(17) 2(25) 26(35)
InDoor #3: 17(22) 27(33) 4(44)
InDoor #4: 3(9) 13(24) 21(34) 16(43) 1(60)
InDoor #5: 6(12) 5(22) 29(35) 7(43)
InDoor #6: 10(9) 28(30) 25(37) 8(60)
InDoor #7: 15(1) 18(8) 9(17) 20(31)
InDoor #8: 14(14) 11(20) 0(26)
OuDoor #1: 18(88) 1(96) 0(105)
OuDoor #2: 4(56) 8(81) 19(92)
OuDoor #3: 9(54) 11(64) 28(81) 24(87)
OuDoor #4: 16(56) 20(65) 2(75) 7(81)
OuDoor #5: 3(51) 12(60) 10(81) 26(90)
OuDoor #6: 22(57) 27(73) 29(82) 6(95)
OuDoor #7: 23(68) 17(84) 13(92) 21(97)
OuDoor #8: 14(80) 25(89) 5(94) 15(101)
Cost 35842.30
DetCost 31230
Time 1221.82
InDoor #1: 3(9) 15(16) 2(25)
InDoor #2: 17(22) 29(35) 1(60)
InDoor #3: 24(4) 14(14) 27(33) 4(44)
InDoor #4: 6(12) 13(24) 26(35) 8(60)
InDoor #5: 10(9) 0(26) 21(34) 16(43)
InDoor #6: 5(14) 19(22) 28(31) 7(42)
InDoor #7: 18(3) 12(17) 20(31) 25(37)
InDoor #8: 23(5) 11(12) 9(18) 22(27)
OuDoor #1: 28(81) 14(87) 15(96)
OuDoor #2: 22(57) 7(81) 21(91)
OuDoor #3: 4(56) 11(63) 27(73) 17(84)
OuDoor #4: 9(55) 23(68) 29(82) 19(92)
OuDoor #5: 16(56) 20(65) 10(80) 24(89)
OuDoor #6: 3(51) 12(60) 26(90) 1(99)
OuDoor #7: 18(87) 13(95) 25(100) 0(105)
OuDoor #8: 8(80) 2(90) 5(99) 6(106)
Cost 36346.43
DetCost 32706
Time 1788.03
InDoor #1: 11(10) 19(17) 20(31)
InDoor #2: 6(12) 28(30) 25(37)
InDoor #3: 12(17) 0(26) 29(35) 7(43)
InDoor #4: 10(9) 3(19) 21(34) 16(43)
InDoor #5: 24(4) 5(14) 17(22) 27(33) 8(60)
InDoor #6: 13(24) 26(35) 4(45)
InDoor #7: 14(14) 22(27) 9(34) 1(60)
InDoor #8: 15(1) 23(8) 18(15) 2(25)
OuDoor #1: 27(72) 8(81) 28(91)
OuDoor #2: 22(57) 6(93) 0(103)
OuDoor #3: 3(51) 12(60) 10(80) 24(89) 5(97)
OuDoor #4: 16(56) 23(68) 17(82) 26(90)
OuDoor #5: 9(55) 20(65) 29(82)
OuDoor #6: 4(56) 11(64) 25(83) 19(89) 21(95)
OuDoor #7: 7(81) 15(91) 1(101)
OuDoor #8: 2(81) 14(87) 18(96) 13(104)
Cost 36660.39
DetCost 31399
Time 1789.97
InDoor #1: 3(9) 23(16) 0(26)
InDoor #2: 12(17) 20(31) 16(43)
InDoor #3: 10(9) 17(22) 29(35) 4(44)
InDoor #4: 11(10) 28(30) 25(37) 8(60)
InDoor #5: 24(4) 19(17) 27(33) 7(42) 1(60)
InDoor #6: 18(3) 5(14) 13(24) 21(34)
InDoor #7: 6(12) 2(25) 26(35)
InDoor #8: 15(1) 9(13) 14(18) 22(27)
OuDoor #1: 8(79) 24(89) 15(97)
OuDoor #2: 22(57) 23(68) 10(81) 26(90)
OuDoor #3: 11(64) 17(82) 2(90)
OuDoor #4: 3(51) 12(60) 27(73) 29(82)
OuDoor #5: 16(56) 20(65) 7(81) 19(91)
OuDoor #6: 9(55) 18(83) 5(91) 0(98) 6(106)
OuDoor #7: 4(56) 25(87) 13(92) 21(97)
OuDoor #8: 28(81) 14(87) 1(96)
Cost 36022.79
DetCost 32176
Time 1776.50
InDoor #1: 12(17) 13(24) 26(35)
InDoor #2: 6(12) 19(22) 27(33)
InDoor #3: 10(9) 5(19) 20(31) 25(37)
InDoor #4: 2(25) 28(33) 7(42) 8(60)
InDoor #5: 3(9) 17(22) 29(35) 16(43) 1(60)
InDoor #6: 23(5) 15(12) 21(34) 4(44)
InDoor #7: 18(3) 9(13) 14(18) 22(27)
InDoor #8: 24(4) 11(13) 0(26)
OuDoor #1: 4(56) 24(87) 15(95)
OuDoor #2: 9(55) 10(82) 18(91)
OuDoor #3: 16(56) 27(73) 29(82) 28(91)
OuDoor #4: 3(51) 12(60) 17(82) 26(90)
OuDoor #5: 22(57) 23(67) 7(80) 2(90) 13(96)
OuDoor #6: 11(64) 25(85) 19(90)
OuDoor #7: 20(65) 14(86) 5(95) 6(102)
OuDoor #8: 8(77) 21(87) 1(96) 0(105)
Cost 36043.77
DetCost 32380
Time 1455.18
InDoor #1: 24(4) 11(13) 2(25)
InDoor #2: 3(9) 12(17) 13(24) 26(35)
InDoor #3: 10(9) 17(22) 21(34) 16(43)
InDoor #4: 27(33) 4(44) 1(60)
InDoor #5: 18(3) 6(12) 28(30) 7(42)
InDoor #6: 14(14) 0(26) 29(35) 8(60)
InDoor #7: 9(13) 5(18) 20(31) 25(37)
InDoor #8: 15(1) 23(8) 19(17) 22(27)
OuDoor #1: 28(85) 5(99) 6(106)
OuDoor #2: 2(82) 24(88) 25(96) 15(101)
OuDoor #3: 9(55) 20(65) 14(87)
OuDoor #4: 4(56) 11(64) 7(81) 19(91)
OuDoor #5: 16(56) 27(73) 10(82) 18(91)
OuDoor #6: 3(51) 12(60) 29(81) 26(90)
OuDoor #7: 22(57) 23(68) 17(84) 21(92) 13(101)
OuDoor #8: 8(80) 0(90) 1(98)
Cost 35803.85
DetCost 31983
Time 936.40
InDoor #1: 15(1) 9(13) 19(18) 22(27)
InDoor #2: 10(9) 5(19) 0(27)
InDoor #3: 6(12) 3(22) 28(30) 16(43)
InDoor #4: 13(24) 21(34) 7(42) 8(60)
InDoor #5: 14(14) 20(31) 25(37) 1(60)
InDoor #6: 18(3) 12(17) 27(33) 4(44)
InDoor #7: 23(5) 24(12) 17(22) 26(35)
InDoor #8: 11(10) 2(25) 29(35)
OuDoor #1: 8(79) 24(89) 25(97) 1(102)
OuDoor #2: 14(84) 21(93) 6(102)
OuDoor #3: 3(51) 20(65) 17(84)
OuDoor #4: 12(60) 27(72) 29(81) 26(90)
OuDoor #5: 16(56) 23(67) 7(81) 19(91)
OuDoor #6: 9(54) 11(64) 10(82) 28(91) 5(97)
OuDoor #7: 22(57) 2(83) 15(93)
OuDoor #8: 4(56) 18(88) 13(96) 0(101)
Cost 36615.62
DetCost 32319
Time 1432.32
