InDoor #1: 22(72) 3(79) 4(89) 0(221)
InDoor #2: 12(92) 21(169) 11(177) 28(183)
InDoor #3: 23(80) 17(97) 9(208)
InDoor #4: 16(103) 8(135) 6(192)
InDoor #5: 19(17) 15(91) 2(100) 13(144) 5(164)
InDoor #6: 24(124) 20(151) 27(156) 10(174)
InDoor #7: 1(15) 7(42) 25(127)
InDoor #8: 29(5) 14(14) 18(93) 26(125)
OuDoor #1: 27(61) 21(221) 29(259)
OuDoor #2: 25(53) 9(93) 0(106) 24(249)
OuDoor #3: 19(50) 2(108) 23(124) 14(262)
OuDoor #4: 20(117) 26(126) 1(216)
OuDoor #5: 13(126) 22(135) 10(151) 15(215)
OuDoor #6: 8(145) 4(178) 6(199) 28(215) 11(221)
OuDoor #7: 18(120) 7(171) 12(251) 17(260)
OuDoor #8: 16(131) 3(143) 5(258)
Cost 61356.91
DetCost 61291
Time 1243.05
InDoor #1: 22(72) 12(92) 10(174)
InDoor #2: 14(14) 19(20) 4(89) 2(100)
InDoor #3: 18(93) 6(192) 9(208)
InDoor #4: 29(5) 15(91) 5(164) 21(172)
InDoor #5: 7(42) 16(103) 26(125) 28(180)
InDoor #6: 17(97) 20(151) 11(175) 0(221)
InDoor #7: 1(15) 23(80) 25(127) 8(136)
InDoor #8: 3(69) 24(124) 13(144) 27(154)
OuDoor #1: 9(91) 0(106) 26(126) 6(199)
OuDoor #2: 27(45) 25(54) 2(108) 13(126)
OuDoor #3: 18(117) 11(201) 1(216)
OuDoor #4: 15(215) 5(242) 24(249)
OuDoor #5: 20(117) 23(126) 3(143) 21(221)
OuDoor #6: 19(48) 7(168) 4(178) 28(224)
OuDoor #7: 16(126) 22(135) 10(151) 17(260)
OuDoor #8: 8(145) 29(245) 14(254) 12(263)
Cost 61353.01
DetCost 61287
Time 1681.23
InDoor #1: 14(14) 19(20) 4(89)
InDoor #2: 29(5) 22(72) 12(92) 8(135)
InDoor #3: 2(100) 6(192) 0(221)
InDoor #4: 17(97) 13(144) 20(154) 28(180)
InDoor #5: 16(103) 5(164) 10(174) 11(184)
InDoor #6: 15(91) 26(125) 21(169) 9(208)
InDoor #7: 7(42) 18(93) 24(124) 27(153)
InDoor #8: 1(15) 3(69) 23(80) 25(127)
OuDoor #1: 26(129) 24(249) 29(259)
OuDoor #2: 9(91) 0(106) 15(215)
OuDoor #3: 13(126) 11(201) 28(211) 1(217)
OuDoor #4: 25(43) 19(50) 2(109) 23(124)
OuDoor #5: 20(117) 22(133) 3(144) 6(199)
OuDoor #6: 27(61) 10(151) 21(221) 17(260)
OuDoor #7: 18(119) 16(131) 8(145) 4(178)
OuDoor #8: 7(171) 14(240) 12(249) 5(258)
Cost 61359.51
DetCost 61294
Time 1342.86
InDoor #1: 14(14) 7(42) 6(192)
InDoor #2: 19(17) 25(127) 11(175)
InDoor #3: 29(5) 3(69) 15(91) 2(100) 24(124)
InDoor #4: 16(103) 9(208) 0(221)
InDoor #5: 17(97) 8(135) 13(144) 10(174)
InDoor #6: 1(15) 23(80) 4(89) 28(180)
InDoor #7: 18(93) 26(125) 27(153) 21(169)
InDoor #8: 22(72) 12(92) 20(151) 5(164)
OuDoor #1: 11(201) 1(216) 17(260)
OuDoor #2: 28(204) 15(215) 12(263)
OuDoor #3: 27(61) 13(126) 8(145) 21(221)
OuDoor #4: 2(108) 20(117) 22(135) 10(151)
OuDoor #5: 16(120) 26(129) 6(199) 14(262)
OuDoor #6: 25(53) 23(126) 29(240) 24(249)
OuDoor #7: 18(117) 3(143) 7(168) 4(178)
OuDoor #8: 19(48) 9(91) 0(106) 5(258)
Cost 61355.18
DetCost 61289
Time 462.81
InDoor #1: 15(91) 13(144) 27(154)
InDoor #2: 16(103) 26(125) 5(164)
InDoor #3: 3(69) 17(97) 24(124) 28(180)
InDoor #4: 19(17) 14(26) 4(89) 25(127) 10(174)
InDoor #5: 22(72) 12(92) 0(221)
InDoor #6: 1(15) 2(100) 11(175) 6(192) 9(208)
InDoor #7: 29(5) 18(93) 8(135) 20(151)
InDoor #8: 7(42) 23(80) 21(169)
OuDoor #1: 25(53) 27(61) 7(171)
OuDoor #2: 20(117) 3(143) 10(151) 4(178)
OuDoor #3: 16(123) 22(132) 8(145) 28(224)
OuDoor #4: 2(108) 23(126) 6(199)
OuDoor #5: 19(48) 9(91) 0(106) 21(221)
OuDoor #6: 13(126) 11(201) 1(216) 12(263)
OuDoor #7: 18(117) 15(215) 17(241) 24(249)
OuDoor #8: 26(129) 5(243) 14(250) 29(259)
Cost 61354.05
DetCost 61289
Time 735.94
InDoor #1: 1(15) 7(42) 8(135)
InDoor #2: 15(91) 28(180) 9(208)
InDoor #3: 12(92) 16(103) 5(164) 6(192)
InDoor #4: 29(5) 17(97) 27(153) 11(175)
InDoor #5: 22(72) 2(100) 25(127) 20(151)
InDoor #6: 19(17) 23(80) 18(93) 24(124)
InDoor #7: 4(89) 26(125) 13(144) 10(174) 0(221)
InDoor #8: 14(14) 3(69) 21(169)
OuDoor #1: 28(205) 11(211) 21(221)
OuDoor #2: 7(171) 1(218) 12(263)
OuDoor #3: 9(95) 0(106) 20(117) 15(213)
OuDoor #4: 25(40) 27(45) 19(54) 23(124) 3(146)
OuDoor #5: 13(126) 16(131) 4(178)
OuDoor #6: 18(117) 26(126) 22(135) 8(145) 10(155)
OuDoor #7: 2(108) 6(199) 17(241) 24(249)
OuDoor #8: 14(240) 29(249) 5(258)
Cost 61399.48
DetCost 61301
Time 1350.13
InDoor #1: 19(17) 4(89) 13(144) 27(154)
InDoor #2: 14(14) 3(69) 18(93) 20(151)
InDoor #3: 17(97) 11(175) 28(181)
InDoor #4: 22(72) 12(92) 16(103) 21(169)
InDoor #5: 1(15) 15(91) 24(124)
InDoor #6: 29(5) 25(127) 6(192) 9(208) 0(221)
InDoor #7: 23(80) 2(100) 8(135) 10(174)
InDoor #8: 7(42) 26(125) 5(164)
OuDoor #1: 25(53) 2(108) 12(263)
OuDoor #2: 19(48) 27(61) 18(117) 16(131)
OuDoor #3: 23(124) 7(168) 4(178)
OuDoor #4: 9(91) 0(106) 20(117) 5(258)
OuDoor #5: 8(145) 15(215) 14(240) 24(249)
OuDoor #6: 10(151) 11(200) 28(210) 1(216)
OuDoor #7: 13(126) 6(199) 29(251) 17(260)
OuDoor #8: 26(126) 22(137) 3(147) 21(221)
Cost 61353.42
DetCost 61288
Time 554.07
InDoor #1: 23(80) 24(124) 21(169)
InDoor #2: 1(15) 14(23) 17(97) 25(127)
InDoor #3: 15(91) 16(103) 8(135) 27(153)
InDoor #4: 18(93) 26(125) 10(174) 9(208)
InDoor #5: 12(92) 13(144) 5(164)
InDoor #6: 22(72) 3(79) 11(175) 6(192)
InDoor #7: 4(89) 2(100) 20(151) 28(180) 0(221)
InDoor #8: 29(5) 19(17) 7(42)
OuDoor #1: 22(132) 8(145) 11(221)
OuDoor #2: 10(151) 12(251) 17(260)
OuDoor #3: 20(117) 23(126) 4(178) 6(202)
OuDoor #4: 18(117) 16(131) 3(143) 7(171)
OuDoor #5: 19(48) 9(93) 0(106) 28(224)
OuDoor #6: 27(61) 1(216) 14(250) 29(259)
OuDoor #7: 25(53) 13(126) 15(215) 5(258)
OuDoor #8: 2(108) 26(126) 21(221) 24(249)
Cost 61356.93
DetCost 61291
Time 1703.78
InDoor #1: 23(80) 13(144) 20(154)
InDoor #2: 29(5) 2(100) 6(192)
InDoor #3: 7(42) 22(72) 12(92) 24(124)
InDoor #4: 1(15) 18(93) 25(127) 5(164)
InDoor #5: 3(69) 4(89) 26(125) 11(175)
InDoor #6: 14(14) 19(20) 17(97) 21(169)
InDoor #7: 16(103) 10(174) 28(184) 9(208) 0(221)
InDoor #8: 15(91) 8(135) 27(153)
OuDoor #1: 26(126) 28(208) 15(215)
OuDoor #2: 13(126) 11(205) 1(216)
OuDoor #3: 25(53) 9(91) 0(106) 18(120) 8(145)
OuDoor #4: 19(48) 2(108) 10(151)
OuDoor #5: 16(124) 22(133) 3(143) 21(221)
OuDoor #6: 27(61) 23(124) 7(168) 4(178)
OuDoor #7: 20(117) 6(199) 29(240) 24(249) 5(257)
OuDoor #8: 14(242) 12(251) 17(260)
Cost 61352.43
DetCost 61287
Time 482.86
InDoor #1: 18(93) 13(144) 21(169)
InDoor #2: 19(17) 22(72) 12(92)
InDoor #3: 4(89) 24(124) 27(153) 20(161)
InDoor #4: 17(97) 25(127) 28(180) 0(221)
InDoor #5: 29(5) 3(69) 16(103) 6(192)
InDoor #6: 14(14) 15(91) 2(100) 10(174)
InDoor #7: 1(15) 7(42) 26(125) 5(164) 11(175)
InDoor #8: 23(80) 8(135) 9(208)
OuDoor #1: 27(61) 22(145) 24(249)
OuDoor #2: 9(91) 0(106) 18(120) 10(151)
OuDoor #3: 19(50) 2(108) 8(145)
OuDoor #4: 25(53) 23(124) 4(178) 21(221)
OuDoor #5: 20(117) 7(171) 28(205) 1(216)
OuDoor #6: 13(126) 6(199) 15(215) 29(259)
OuDoor #7: 26(126) 3(143) 11(221) 12(263)
OuDoor #8: 16(131) 17(247) 5(255) 14(262)
Cost 61354.05
DetCost 61289
Time 1071.17
