InDoor #1: 14(14) 12(20) 2(125) 23(205) 20(251) 8(260) 7(342) 22(347) 6(492)
InDoor #2: 1(140) 17(222) 18(243) 10(252) 15(341) 3(369) 9(433) 13(444) 21(494)
InDoor #3: 19(217) 24(226) 11(250) 4(264) 16(303) 5(314) 0(346)
OuDoor #1: 6(53) 21(62) 2(71) 3(176) 20(183) 0(193) 16(215) 22(288) 15(391)
OuDoor #2: 19(68) 4(261) 8(280) 12(336) 10(390) 17(397) 7(406) 18(516)
OuDoor #3: 9(162) 11(196) 14(241) 13(251) 24(284) 5(330) 1(365) 23(420)
Cost 241848.26
DetCost 241625
Time 725.80
InDoor #1: 23(205) 17(222) 11(250) 4(264) 16(303) 5(314) 7(342) 3(369) 6(492)
InDoor #2: 14(14) 12(20) 19(217) 18(243) 10(252) 8(262) 0(346) 13(444)
InDoor #3: 2(125) 1(140) 24(224) 20(251) 15(341) 22(348) 9(433) 21(494)
OuDoor #1: 19(68) 2(77) 11(196) 16(215) 24(284) 12(334) 10(399) 7(406)
OuDoor #2: 6(53) 9(162) 3(170) 0(177) 13(251) 4(261) 8(280) 22(288) 5(331)
OuDoor #3: 21(70) 20(183) 14(241) 1(367) 15(391) 23(409) 17(417) 18(516)
Cost 241598.75
DetCost 241626
Time 1236.34
InDoor #1: 12(17) 1(140) 23(205) 17(222) 18(243) 20(252) 8(260) 22(347)
InDoor #2: 2(125) 24(224) 11(250) 10(256) 16(303) 5(314) 15(341) 0(348) 6(492)
InDoor #3: 14(14) 19(217) 4(264) 7(342) 3(369) 9(433) 13(444) 21(494)
OuDoor #1: 19(61) 21(70) 2(79) 16(215) 13(251) 4(261) 5(331) 10(403)
OuDoor #2: 9(162) 11(196) 14(241) 8(280) 22(288) 12(334) 1(366) 23(420)
OuDoor #3: 6(53) 3(176) 20(183) 0(197) 24(284) 7(385) 15(391) 17(417) 18(516)
Cost 241621.24
DetCost 241625
Time 824.86
InDoor #1: 19(217) 11(250) 4(264) 15(341) 22(348) 9(433) 13(444) 21(494)
InDoor #2: 12(17) 14(23) 1(140) 23(205) 24(224) 20(251) 8(260) 5(314) 7(342)
InDoor #3: 2(125) 17(222) 18(243) 10(252) 16(303) 0(346) 3(369) 6(492)
OuDoor #1: 21(70) 3(170) 20(177) 0(187) 11(196) 24(284) 5(331) 10(403)
OuDoor #2: 6(53) 9(162) 16(215) 14(241) 4(261) 8(280) 22(288) 12(334) 18(516)
OuDoor #3: 19(68) 2(77) 13(251) 1(365) 15(388) 17(397) 7(406) 23(420)
Cost 241553.31
DetCost 241624
Time 1168.90
InDoor #1: 17(222) 18(243) 4(264) 15(341) 0(348) 13(444) 9(454) 6(492)
InDoor #2: 14(14) 12(20) 2(125) 1(140) 24(224) 20(251) 10(256)
InDoor #3: 23(205) 19(217) 11(250) 8(260) 16(303) 5(314) 7(342) 22(347) 3(369) 21(494)
OuDoor #1: 6(50) 21(59) 19(68) 2(77) 9(162) 11(187) 0(197) 24(284)
OuDoor #2: 3(179) 14(241) 13(251) 4(261) 8(280) 22(288) 5(331) 12(339) 1(368)
OuDoor #3: 20(183) 16(215) 15(387) 7(396) 10(402) 23(409) 17(417) 18(516)
Cost 241558.34
DetCost 241632
Time 1330.70
InDoor #1: 14(14) 17(222) 20(251) 4(264) 0(346) 22(353) 13(444) 21(494)
InDoor #2: 2(125) 23(205) 24(224) 18(243) 10(252) 16(303) 5(314) 9(433)
InDoor #3: 12(17) 1(140) 19(217) 11(250) 8(260) 7(342) 15(347) 3(369) 6(492)
OuDoor #1: 3(179) 11(186) 0(196) 13(251) 24(284) 1(368) 17(417) 18(516)
OuDoor #2: 20(183) 16(215) 14(241) 4(261) 8(280) 22(288) 12(334) 10(403)
OuDoor #3: 6(50) 21(59) 19(68) 2(77) 9(162) 5(331) 15(391) 7(400) 23(420)
Cost 241588.04
DetCost 241627
Time 1380.81
InDoor #1: 23(205) 19(217) 8(260) 15(341) 22(348) 13(444) 9(454) 21(494)
InDoor #2: 2(125) 24(224) 11(250) 4(264) 5(314) 0(346) 7(353) 3(369) 6(492)
InDoor #3: 14(14) 12(20) 1(140) 17(222) 18(243) 20(252) 10(257) 16(303)
OuDoor #1: 6(53) 21(70) 3(179) 11(186) 0(196) 16(215) 22(288) 5(331) 18(516)
OuDoor #2: 19(68) 2(77) 14(241) 13(251) 24(284) 12(334) 1(366) 10(403)
OuDoor #3: 9(162) 20(183) 4(261) 8(280) 15(389) 23(398) 7(406) 17(417)
Cost 241626.45
DetCost 241625
Time 1352.56
InDoor #1: 12(17) 19(217) 18(243) 10(252) 7(342) 3(369) 9(433) 13(444)
InDoor #2: 1(140) 23(205) 24(224) 20(251) 4(264) 5(314) 22(347) 21(494)
InDoor #3: 14(14) 2(125) 17(222) 11(250) 8(260) 16(303) 15(341) 0(348) 6(492)
OuDoor #1: 21(59) 19(68) 2(77) 11(187) 0(197) 15(391) 7(400) 17(417) 18(516)
OuDoor #2: 6(53) 9(162) 3(169) 20(183) 16(215) 14(241) 4(261) 24(284) 12(334)
OuDoor #3: 13(251) 8(280) 22(288) 5(331) 1(366) 10(403) 23(420)
Cost 241551.04
DetCost 241625
Time 1355.31
InDoor #1: 12(17) 2(125) 1(140) 17(222) 18(243) 10(252) 15(341) 7(348)
InDoor #2: 24(224) 20(251) 4(264) 16(303) 22(347) 9(433) 13(444) 6(492) 21(502)
InDoor #3: 14(14) 23(205) 19(217) 11(250) 8(260) 5(314) 0(346) 3(369)
OuDoor #1: 6(53) 9(162) 3(169) 13(251) 8(280) 15(391) 23(409) 17(417)
OuDoor #2: 2(62) 21(70) 14(241) 4(261) 24(284) 12(336) 10(403) 18(522)
OuDoor #3: 19(68) 20(177) 0(187) 11(196) 16(215) 22(288) 5(330) 1(365) 7(406)
Cost 241557.04
DetCost 241631
Time 151.54
InDoor #1: 23(205) 17(222) 11(250) 4(264) 0(346) 3(369) 9(433) 21(494)
InDoor #2: 12(17) 1(140) 24(224) 20(251) 8(260) 16(303) 22(347) 13(444)
InDoor #3: 14(14) 2(125) 19(217) 18(243) 10(252) 5(314) 7(342) 15(347) 6(492)
OuDoor #1: 16(215) 13(251) 24(284) 1(365) 10(396) 7(403) 23(409) 17(417)
OuDoor #2: 19(61) 21(70) 14(241) 4(261) 8(280) 5(331) 15(391) 18(516)
OuDoor #3: 6(53) 2(80) 9(162) 3(170) 20(177) 0(187) 11(196) 22(288) 12(334)
Cost 241553.31
DetCost 241624
Time 1420.49
