InDoor #1: 6(92) 12(237) 18(243) 24(444) 15(461) 22(468) 26(475) 27(493) 17(522)
InDoor #2: 19(37) 13(104) 5(154) 0(246) 3(253) 2(285) 16(343) 8(400) 20(431)
InDoor #3: 1(60) 14(94) 4(144) 9(193) 11(210) 25(237) 23(246) 7(342) 10(369) 21(379)
OuDoor #1: 0(127) 24(251) 10(450) 23(461) 21(480) 14(494) 22(547) 7(578) 3(585)
OuDoor #2: 25(58) 19(123) 4(139) 12(145) 11(174) 8(264) 6(305) 17(422) 20(442) 27(458)
OuDoor #3: 13(86) 9(123) 16(159) 5(196) 1(251) 26(303) 18(311) 15(567) 2(572)
Cost 241987.20
DetCost 240813
Time 690.01
InDoor #1: 13(104) 4(144) 9(193) 11(210) 25(237) 23(246) 8(400) 26(475) 27(493)
InDoor #2: 19(37) 14(94) 0(246) 3(253) 20(431) 24(444) 15(461) 22(468) 17(522)
InDoor #3: 1(60) 6(92) 5(154) 12(237) 18(243) 2(285) 7(342) 16(347) 21(374) 10(382)
OuDoor #1: 19(123) 4(139) 12(145) 16(159) 5(196) 1(251) 18(309) 17(422) 27(458) 22(550)
OuDoor #2: 25(58) 13(86) 9(123) 8(264) 6(306) 20(442) 10(450) 23(461) 21(480)
OuDoor #3: 0(127) 11(174) 24(251) 26(306) 14(496) 15(565) 2(570) 7(578) 3(585)
Cost 242027.36
DetCost 240817
Time 1638.07
InDoor #1: 18(243) 8(400) 20(431) 24(444) 15(461) 22(468) 26(475) 27(493) 17(522)
InDoor #2: 13(104) 4(144) 5(154) 11(210) 9(216) 12(237) 0(246) 7(342) 10(369)
InDoor #3: 19(37) 1(60) 6(92) 14(102) 25(237) 23(246) 3(253) 2(285) 16(343) 21(374)
OuDoor #1: 0(127) 4(145) 18(309) 17(422) 20(442) 10(450) 23(461) 21(480) 14(494) 22(547)
OuDoor #2: 13(86) 19(123) 12(145) 16(159) 11(174) 5(196) 24(251) 8(264) 26(306) 27(458)
OuDoor #3: 25(58) 9(123) 1(251) 6(305) 15(567) 2(572) 3(585) 7(600)
Cost 241918.34
DetCost 240811
Time 975.89
InDoor #1: 18(243) 7(342) 8(400) 20(431) 15(461) 22(468) 26(475) 27(493) 17(522)
InDoor #2: 1(60) 13(104) 5(154) 25(237) 23(246) 2(285) 16(343) 21(374) 24(444)
InDoor #3: 19(37) 6(92) 14(102) 4(144) 9(193) 11(210) 12(237) 0(246) 3(253) 10(369)
OuDoor #1: 0(127) 4(145) 26(306) 17(422) 20(442) 21(480) 15(567) 2(572) 7(600)
OuDoor #2: 19(123) 11(174) 1(251) 18(305) 10(450) 23(461) 14(496) 22(550) 3(585)
OuDoor #3: 25(58) 13(86) 9(123) 12(145) 16(159) 5(196) 24(251) 8(264) 6(306) 27(458)
Cost 241979.11
DetCost 240813
Time 1507.63
InDoor #1: 1(60) 6(92) 12(237) 18(243) 2(285) 8(400) 20(431) 24(444) 27(493)
InDoor #2: 19(37) 13(104) 4(144) 9(193) 11(210) 0(246) 3(253) 7(342) 22(467)
InDoor #3: 14(94) 5(154) 25(237) 23(246) 16(343) 21(374) 10(382) 15(461) 26(475) 17(522)
OuDoor #1: 0(127) 5(196) 24(251) 6(305) 17(422) 20(442) 10(450) 23(461) 2(572)
OuDoor #2: 25(58) 19(123) 4(139) 12(145) 16(159) 8(264) 26(306) 27(458) 14(495)
OuDoor #3: 13(86) 9(123) 11(174) 1(251) 18(309) 21(480) 22(547) 15(575) 3(580) 7(600)
Cost 241997.64
DetCost 240812
Time 830.66
InDoor #1: 19(37) 9(193) 11(210) 12(237) 18(243) 3(252) 2(285) 7(342) 8(400)
InDoor #2: 13(104) 4(144) 5(154) 0(246) 20(431) 15(461) 22(468) 27(493) 17(522)
InDoor #3: 1(60) 6(92) 14(102) 25(237) 23(246) 16(343) 10(369) 21(379) 24(444) 26(475)
OuDoor #1: 25(58) 13(86) 0(127) 24(251) 6(305) 17(422) 27(458) 15(567) 2(572)
OuDoor #2: 19(123) 4(139) 12(145) 16(159) 11(174) 8(264) 26(306) 20(442) 21(480)
OuDoor #3: 9(123) 5(196) 1(251) 18(309) 10(450) 23(461) 14(496) 22(550) 7(578) 3(585)
Cost 242032.96
DetCost 240816
Time 853.21
InDoor #1: 6(92) 4(144) 5(154) 11(210) 12(237) 18(243) 2(285) 7(342) 16(347) 17(522)
InDoor #2: 19(37) 13(104) 9(193) 0(246) 3(253) 10(369) 21(379) 15(461) 22(468)
InDoor #3: 1(60) 14(94) 25(237) 23(246) 8(400) 20(431) 24(444) 26(475) 27(493)
OuDoor #1: 9(123) 16(159) 11(174) 5(196) 24(251) 6(305) 22(547) 15(567) 2(572)
OuDoor #2: 25(58) 19(123) 12(136) 4(145) 8(264) 18(307) 17(423) 27(458) 21(480)
OuDoor #3: 13(86) 0(127) 1(251) 26(306) 20(442) 10(450) 23(461) 14(496) 3(585) 7(600)
Cost 241986.17
DetCost 240812
Time 1733.33
InDoor #1: 1(60) 14(94) 4(144) 11(210) 18(243) 16(343) 21(374) 10(382) 20(431) 24(444)
InDoor #2: 19(37) 13(104) 5(154) 25(237) 23(246) 15(461) 22(468) 26(475) 17(522)
InDoor #3: 6(92) 9(193) 12(237) 0(246) 3(253) 2(285) 7(342) 8(400) 27(493)
OuDoor #1: 9(123) 16(159) 11(176) 18(309) 20(442) 27(456) 23(461) 14(496) 22(550)
OuDoor #2: 25(58) 19(123) 12(136) 4(145) 5(196) 1(251) 26(306) 10(450) 21(480)
OuDoor #3: 13(86) 0(127) 24(251) 8(264) 6(305) 17(422) 15(559) 3(564) 2(573) 7(600)
Cost 242008.43
DetCost 240817
Time 1262.18
InDoor #1: 6(92) 9(193) 11(210) 0(246) 3(253) 10(369) 8(400) 20(431) 24(444)
InDoor #2: 19(37) 14(94) 4(144) 12(237) 18(243) 2(285) 7(342) 16(347) 21(374)
InDoor #3: 1(60) 13(104) 5(154) 25(237) 23(246) 15(461) 22(468) 26(475) 27(493) 17(522)
OuDoor #1: 13(86) 0(127) 8(264) 6(306) 17(422) 20(442) 10(450) 23(461) 15(575)
OuDoor #2: 25(58) 9(123) 4(139) 12(145) 16(159) 5(196) 24(251) 26(306) 27(458)
OuDoor #3: 19(123) 11(174) 1(251) 18(307) 21(480) 14(494) 22(547) 2(570) 7(578) 3(585)
Cost 242048.23
DetCost 240810
Time 1422.52
InDoor #1: 19(37) 14(94) 9(193) 11(210) 18(243) 16(343) 7(351) 20(431) 24(444)
InDoor #2: 13(104) 12(237) 0(246) 3(253) 2(285) 15(461) 22(468) 27(493) 17(522)
InDoor #3: 1(60) 6(92) 4(144) 5(154) 25(237) 23(246) 21(374) 10(382) 8(400) 26(475)
OuDoor #1: 25(58) 0(127) 4(145) 26(306) 20(442) 27(456) 23(461) 2(567) 15(575)
OuDoor #2: 13(86) 19(123) 5(196) 24(251) 8(264) 6(305) 10(450) 21(480) 22(547)
OuDoor #3: 9(123) 12(145) 16(159) 11(174) 1(251) 18(307) 17(422) 14(496) 3(585) 7(600)
Cost 241937.20
DetCost 240809
Time 1432.63
