InDoor #1: 7(30) 34(35) 23(165) 20(217)
InDoor #2: 30(45) 21(66) 18(93) 17(170)
InDoor #3: 19(19) 15(41) 33(184) 29(217)
InDoor #4: 25(127) 13(180) 24(192) 11(212) 28(262)
InDoor #5: 4(14) 10(23) 3(115) 5(186) 31(251)
InDoor #6: 8(20) 1(130) 0(180) 32(190)
InDoor #7: 6(74) 27(133) 12(149) 2(241)
InDoor #8: 16(21) 26(129) 14(178) 22(184) 9(199)
OuDoor #1: 9(63) 20(110) 28(116) 19(232)
OuDoor #2: 27(108) 3(120) 7(187) 33(237) 11(245)
OuDoor #3: 22(61) 6(90) 15(112) 0(234) 26(281)
OuDoor #4: 17(246) 13(280) 25(288) 21(298)
OuDoor #5: 18(132) 8(205) 4(246) 31(287)
OuDoor #6: 12(100) 10(134) 30(150) 5(255) 29(264)
OuDoor #7: 1(97) 14(170) 34(259) 23(297)
OuDoor #8: 32(95) 24(103) 2(254) 16(282)
Cost 268578.00
DetCost 264170
Time 1667.93
InDoor #1: 8(20) 15(41) 26(129) 22(175)
InDoor #2: 30(45) 6(74) 3(115) 20(217)
InDoor #3: 4(14) 34(28) 23(165) 11(212)
InDoor #4: 17(170) 0(180) 32(190) 29(217) 2(241)
InDoor #5: 14(178) 5(186) 9(199) 31(251)
InDoor #6: 18(93) 1(130) 13(180) 24(192)
InDoor #7: 19(19) 27(133) 12(149) 33(184) 28(262)
InDoor #8: 10(15) 16(25) 7(33) 21(66) 25(127)
OuDoor #1: 22(61) 32(92) 12(100) 10(134)
OuDoor #2: 1(97) 18(132) 19(232) 5(255)
OuDoor #3: 33(237) 11(245) 2(254) 26(281)
OuDoor #4: 24(103) 7(187) 0(234) 17(243) 34(259)
OuDoor #5: 20(110) 8(205) 29(264) 23(297)
OuDoor #6: 27(108) 3(120) 30(150) 4(246)
OuDoor #7: 6(90) 15(112) 14(170) 13(280) 21(296)
OuDoor #8: 9(75) 28(116) 16(278) 31(287) 25(297)
Cost 268311.16
DetCost 264179
Time 1716.65
InDoor #1: 4(14) 34(28) 17(170) 29(217)
InDoor #2: 8(20) 26(129) 23(165) 11(212)
InDoor #3: 18(93) 27(133) 14(178) 20(217) 31(251)
InDoor #4: 30(45) 1(130) 0(180) 32(190) 2(241)
InDoor #5: 19(19) 15(41) 25(127) 5(186) 9(199)
InDoor #6: 6(74) 13(180) 24(192) 28(262)
InDoor #7: 16(21) 3(115) 12(149) 33(184)
InDoor #8: 10(15) 7(30) 21(66) 22(175)
OuDoor #1: 7(187) 0(234) 11(243) 26(281)
OuDoor #2: 3(124) 33(237) 17(245) 5(255)
OuDoor #3: 27(108) 19(232) 2(254) 29(264)
OuDoor #4: 20(110) 30(150) 4(246) 34(259)
OuDoor #5: 22(61) 24(102) 15(112) 8(205)
OuDoor #6: 9(63) 32(89) 1(97) 10(134) 13(280)
OuDoor #7: 12(100) 28(128) 14(170) 31(287) 23(297)
OuDoor #8: 6(89) 18(132) 16(279) 25(288) 21(298)
Cost 268333.36
DetCost 263772
Time 1676.57
InDoor #1: 21(66) 3(115) 26(129) 14(178)
InDoor #2: 10(15) 27(133) 0(180) 32(190)
InDoor #3: 8(20) 1(130) 5(186) 9(199)
InDoor #4: 4(14) 25(127) 13(180) 24(192)
InDoor #5: 6(74) 18(93) 33(184) 29(217) 31(251)
InDoor #6: 19(19) 34(28) 12(149) 11(212)
InDoor #7: 30(45) 23(165) 22(175) 20(217) 2(241) 28(262)
InDoor #8: 16(21) 7(30) 15(41) 17(170)
OuDoor #1: 6(89) 28(128) 16(283) 23(302)
OuDoor #2: 9(75) 32(96) 18(132) 4(246)
OuDoor #3: 10(134) 30(150) 8(205) 26(281)
OuDoor #4: 12(100) 20(110) 3(124) 11(246)
OuDoor #5: 1(97) 27(108) 0(234) 17(243) 2(254)
OuDoor #6: 24(102) 15(112) 14(170) 33(237) 29(264)
OuDoor #7: 19(232) 34(259) 13(280) 21(296)
OuDoor #8: 22(61) 7(187) 5(255) 25(283) 31(293)
Cost 268356.75
DetCost 263804
Time 1788.75
InDoor #1: 4(14) 34(28) 22(175) 28(262)
InDoor #2: 8(20) 18(93) 3(115)
InDoor #3: 10(15) 25(127) 29(217) 31(251)
InDoor #4: 21(66) 1(130) 13(180) 24(192) 11(212)
InDoor #5: 19(19) 15(41) 27(133) 5(186) 20(217)
InDoor #6: 30(45) 17(170) 0(180) 32(190) 2(241)
InDoor #7: 6(74) 26(129) 12(149) 23(165) 14(178)
InDoor #8: 7(30) 16(35) 33(184) 9(199)
OuDoor #1: 20(110) 3(124) 10(134) 13(280)
OuDoor #2: 9(67) 27(108) 28(128) 11(246) 26(279)
OuDoor #3: 15(112) 18(132) 0(234) 4(241)
OuDoor #4: 6(89) 30(150) 33(237) 31(293)
OuDoor #5: 22(61) 8(205) 19(232) 17(244) 2(254)
OuDoor #6: 24(102) 7(187) 34(258) 29(264) 23(299)
OuDoor #7: 32(89) 1(97) 14(170) 16(283) 21(296)
OuDoor #8: 12(100) 5(255) 25(295)
Cost 268559.75
DetCost 263787
Time 1620.12
InDoor #1: 4(14) 21(66) 14(178) 33(184)
InDoor #2: 10(15) 18(93) 13(180) 32(190)
InDoor #3: 19(19) 17(170) 5(186) 11(212)
InDoor #4: 3(115) 25(127) 23(165) 24(192) 29(217)
InDoor #5: 34(28) 27(133) 0(180) 20(217)
InDoor #6: 30(45) 6(74) 1(130) 2(241)
InDoor #7: 16(21) 15(41) 7(48) 9(199) 31(251)
InDoor #8: 8(20) 26(129) 12(149) 22(175) 28(262)
OuDoor #1: 6(89) 20(110) 17(249) 25(295)
OuDoor #2: 9(75) 27(108) 3(120) 11(246)
OuDoor #3: 18(132) 7(187) 8(205) 33(237)
OuDoor #4: 24(103) 15(112) 28(128) 0(234)
OuDoor #5: 12(100) 19(232) 4(243) 2(254) 21(296)
OuDoor #6: 1(97) 10(134) 30(150) 34(259)
OuDoor #7: 22(61) 5(255) 29(264) 26(276) 16(283)
OuDoor #8: 32(95) 14(170) 13(280) 31(288) 23(298)
Cost 268682.98
DetCost 263797
Time 773.34
InDoor #1: 16(21) 0(180) 32(190) 31(251)
InDoor #2: 19(19) 3(115) 5(186) 2(241)
InDoor #3: 34(28) 6(74) 13(180) 24(192)
InDoor #4: 7(30) 27(133) 14(178) 33(184) 11(212)
InDoor #5: 8(20) 30(45) 1(130) 29(217)
InDoor #6: 15(41) 25(127) 12(149) 20(217) 28(262)
InDoor #7: 4(14) 18(93) 23(165) 22(175) 9(199)
InDoor #8: 10(15) 21(66) 26(129) 17(170)
OuDoor #1: 10(134) 5(255) 29(264) 21(296)
OuDoor #2: 12(100) 28(128) 8(205) 34(259)
OuDoor #3: 24(99) 18(132) 2(254) 26(281)
OuDoor #4: 9(63) 32(89) 1(97) 33(237) 4(245)
OuDoor #5: 30(150) 14(171) 0(234) 17(241) 25(287)
OuDoor #6: 22(61) 20(110) 19(232) 13(280)
OuDoor #7: 27(108) 3(120) 11(246) 16(279)
OuDoor #8: 6(89) 15(112) 7(187) 31(290) 23(300)
Cost 268576.86
DetCost 263767
Time 1256.26
InDoor #1: 7(30) 12(149) 17(170) 33(184)
InDoor #2: 21(66) 27(133) 23(165) 20(217)
InDoor #3: 1(130) 13(180) 24(192) 11(212) 31(251)
InDoor #4: 34(28) 25(127) 5(186) 29(217)
InDoor #5: 18(93) 0(180) 32(190) 28(262)
InDoor #6: 16(21) 8(29) 26(129) 14(178)
InDoor #7: 10(15) 15(41) 6(74) 3(115) 2(241)
InDoor #8: 19(19) 4(28) 30(45) 22(175) 9(199)
OuDoor #1: 9(75) 14(170) 7(187) 16(282)
OuDoor #2: 6(89) 19(232) 21(286) 31(295)
OuDoor #3: 15(112) 30(150) 33(237) 26(280)
OuDoor #4: 8(205) 0(234) 4(241) 17(251)
OuDoor #5: 27(108) 11(245) 2(254) 13(280)
OuDoor #6: 12(100) 20(110) 3(122) 18(132) 5(255)
OuDoor #7: 22(61) 32(89) 1(97) 28(128) 34(259)
OuDoor #8: 24(102) 10(134) 29(264) 23(293) 25(299)
Cost 268595.05
DetCost 263804
Time 1745.27
InDoor #1: 16(21) 33(184) 20(217) 2(241)
InDoor #2: 13(180) 24(192) 29(217) 31(251)
InDoor #3: 4(14) 21(66) 14(178) 5(186) 9(199)
InDoor #4: 18(93) 23(165) 0(180) 32(190) 11(212)
InDoor #5: 10(15) 6(74) 25(127) 17(170)
InDoor #6: 34(28) 30(45) 3(115) 1(130) 28(262)
InDoor #7: 15(41) 27(133) 12(149) 22(175)
InDoor #8: 8(20) 19(29) 7(38) 26(129)
OuDoor #1: 19(232) 4(243) 34(259) 16(283)
OuDoor #2: 0(234) 17(241) 5(255) 29(264)
OuDoor #3: 6(89) 15(112) 8(205) 33(237) 2(254)
OuDoor #4: 24(99) 27(108) 3(120) 11(246) 26(281)
OuDoor #5: 1(97) 20(110) 10(134) 7(187)
OuDoor #6: 12(100) 28(128) 30(150) 13(280)
OuDoor #7: 22(61) 18(132) 14(170) 23(290) 21(296)
OuDoor #8: 9(63) 32(96) 25(285) 31(295)
Cost 268297.15
DetCost 263777
Time 1087.07
InDoor #1: 1(130) 12(149) 14(178) 9(199)
InDoor #2: 10(15) 19(25) 27(133) 20(217)
InDoor #3: 6(74) 25(127) 0(180) 32(190) 29(217)
InDoor #4: 30(45) 21(66) 5(186) 11(212)
InDoor #5: 15(41) 26(129) 13(180) 24(192) 31(251)
InDoor #6: 18(93) 3(115) 33(184) 2(241)
InDoor #7: 4(14) 7(30) 23(165) 28(262)
InDoor #8: 8(20) 16(29) 34(37) 17(170) 22(180)
OuDoor #1: 30(150) 14(170) 11(246) 16(283)
OuDoor #2: 32(89) 1(97) 19(232) 4(243)
OuDoor #3: 6(90) 24(100) 0(234) 26(281)
OuDoor #4: 12(100) 8(205) 33(237) 23(297)
OuDoor #5: 22(61) 15(112) 18(132) 5(255) 29(264)
OuDoor #6: 27(108) 28(128) 17(249) 34(259)
OuDoor #7: 9(64) 20(110) 3(124) 10(134) 13(280) 21(296)
OuDoor #8: 7(187) 2(254) 25(283) 31(293)
Cost 268576.04
DetCost 263783
Time 1656.63
