InDoor #1: 20(1) 4(14) 22(222) 2(250) 35(274) 28(330)
InDoor #2: 25(52) 43(99) 27(153) 40(226) 49(290) 7(342)
InDoor #3: 26(50) 17(97) 8(135) 16(178) 48(222) 0(230) 32(238)
InDoor #4: 1(15) 42(36) 23(80) 15(91) 47(250) 5(314)
InDoor #5: 33(79) 44(124) 41(180) 45(196) 18(243) 37(292) 3(369)
InDoor #6: 12(17) 38(23) 14(33) 13(69) 19(92) 30(144) 39(186)
InDoor #7: 29(5) 34(38) 36(54) 10(249) 24(349)
InDoor #8: 9(58) 6(117) 46(127) 21(244) 11(252) 31(372)
OuDoor #1: 0(123) 34(167) 23(179) 12(207) 44(241) 11(347)
OuDoor #2: 25(121) 19(146) 15(172) 22(245) 26(275) 24(339)
OuDoor #3: 36(118) 3(178) 5(189) 4(197) 20(205) 13(242)
OuDoor #4: 8(106) 45(166) 17(177) 32(220) 49(396) 46(401)
OuDoor #5: 38(92) 14(202) 40(276) 42(317) 39(386) 41(397)
OuDoor #6: 29(83) 18(290) 43(298) 10(304) 2(316) 30(350)
OuDoor #7: 31(79) 21(128) 7(360) 1(374) 28(383) 33(392) 47(397)
OuDoor #8: 48(64) 16(71) 6(141) 37(186) 27(374) 35(383) 9(396)
Cost 168332.14
DetCost 167201
Time 1396.40
InDoor #1: 36(54) 8(135) 39(186) 22(222) 0(229) 47(250)
InDoor #2: 38(18) 27(153) 21(244) 18(252) 37(292) 31(372)
InDoor #3: 20(1) 9(58) 17(97) 40(226) 10(249) 24(349)
InDoor #4: 34(38) 42(45) 26(54) 25(64) 15(91) 48(222)
InDoor #5: 29(5) 12(17) 1(23) 19(92) 16(178) 45(196) 28(330)
InDoor #6: 43(99) 6(117) 41(180) 2(250) 7(342) 3(369)
InDoor #7: 14(14) 23(80) 46(124) 44(133) 32(238) 5(314)
InDoor #8: 4(14) 33(79) 13(87) 30(144) 11(250) 35(274) 49(290)
OuDoor #1: 31(79) 37(157) 45(164) 17(175) 44(241) 40(274)
OuDoor #2: 29(82) 0(121) 36(130) 15(172) 12(207) 9(396)
OuDoor #3: 16(71) 8(107) 3(178) 22(245) 26(273) 42(319)
OuDoor #4: 23(182) 32(220) 13(242) 43(300) 18(306) 47(392)
OuDoor #5: 21(120) 25(128) 5(189) 14(198) 10(304) 2(320) 11(347)
OuDoor #6: 24(339) 30(350) 27(377) 39(386) 49(396) 28(401)
OuDoor #7: 6(144) 34(153) 19(159) 7(364) 35(373) 1(380)
OuDoor #8: 48(72) 38(92) 4(197) 20(205) 41(381) 46(391) 33(401)
Cost 168378.58
DetCost 167231
Time 1308.08
InDoor #1: 19(92) 44(124) 39(186) 22(222) 35(274) 5(314)
InDoor #2: 29(5) 4(14) 17(97) 6(117) 48(222) 28(330)
InDoor #3: 20(1) 9(58) 23(80) 0(221) 18(243) 37(292)
InDoor #4: 42(36) 33(79) 27(153) 16(178) 45(196) 7(342)
InDoor #5: 38(18) 12(28) 34(38) 36(54) 40(226) 21(244) 49(290)
InDoor #6: 13(69) 30(144) 47(250) 10(258) 24(349) 31(372)
InDoor #7: 14(14) 26(50) 15(91) 46(124) 8(135) 32(238) 2(250)
InDoor #8: 1(15) 25(52) 43(99) 41(180) 11(250) 3(369)
OuDoor #1: 25(121) 21(127) 4(215) 44(241) 46(390) 35(400)
OuDoor #2: 17(177) 12(195) 14(202) 13(242) 42(319) 11(347)
OuDoor #3: 16(71) 19(134) 6(144) 23(179) 24(339) 30(350) 1(380)
OuDoor #4: 31(82) 38(92) 34(164) 15(172) 5(189) 10(322)
OuDoor #5: 0(123) 45(168) 3(178) 32(220) 22(245) 2(318)
OuDoor #6: 48(69) 29(83) 26(269) 40(276) 28(381) 9(396)
OuDoor #7: 8(106) 36(118) 37(186) 20(205) 43(300) 18(306) 47(391)
OuDoor #8: 7(368) 27(377) 39(386) 49(396) 33(401) 41(406)
Cost 168359.88
DetCost 167211
Time 1379.25
InDoor #1: 20(1) 40(226) 37(292) 49(302) 7(342) 31(372)
InDoor #2: 29(5) 12(17) 42(36) 22(222) 21(244) 47(252)
InDoor #3: 14(14) 4(20) 6(117) 16(178) 18(243) 32(252)
InDoor #4: 34(38) 17(97) 43(107) 30(144) 41(180) 2(250)
InDoor #5: 36(54) 13(69) 27(153) 45(196) 48(222) 28(330)
InDoor #6: 26(50) 25(60) 23(80) 10(249) 35(274) 5(314) 24(349)
InDoor #7: 1(15) 9(58) 33(79) 46(124) 39(186) 11(250) 3(369)
InDoor #8: 38(18) 15(91) 19(98) 44(124) 8(135) 0(221)
OuDoor #1: 14(202) 22(245) 42(317) 28(381) 9(396) 33(405)
OuDoor #2: 0(123) 32(221) 44(241) 26(271) 40(278) 18(306)
OuDoor #3: 48(69) 31(85) 37(159) 45(166) 17(177) 5(189)
OuDoor #4: 6(144) 34(153) 19(159) 4(197) 20(205) 30(350)
OuDoor #5: 29(79) 15(172) 13(242) 24(336) 11(347) 7(370)
OuDoor #6: 3(178) 43(302) 10(308) 2(324) 46(390) 41(400)
OuDoor #7: 16(71) 38(92) 21(101) 8(109) 1(368) 27(377) 39(386)
OuDoor #8: 25(125) 36(131) 23(182) 12(207) 35(387) 49(394) 47(399)
Cost 168321.20
DetCost 167258
Time 1642.76
InDoor #1: 19(92) 16(178) 2(250) 49(290) 7(342) 24(349)
InDoor #2: 1(15) 4(23) 34(38) 13(69) 30(144) 41(180)
InDoor #3: 29(5) 42(36) 45(196) 22(222) 37(292) 35(302) 3(369)
InDoor #4: 9(58) 6(117) 46(127) 39(186) 18(243) 31(372)
InDoor #5: 12(17) 36(54) 23(80) 43(99) 8(135) 40(226)
InDoor #6: 33(79) 15(91) 17(98) 44(124) 48(222) 47(250) 28(330)
InDoor #7: 27(153) 0(221) 21(244) 10(252) 32(262) 5(314)
InDoor #8: 14(14) 38(20) 20(30) 25(52) 26(61) 11(250)
OuDoor #1: 45(177) 37(182) 5(189) 2(325) 47(391) 35(397)
OuDoor #2: 12(193) 14(200) 4(215) 7(363) 27(372) 1(381)
OuDoor #3: 25(126) 6(144) 34(153) 19(159) 44(241) 42(317) 39(386)
OuDoor #4: 48(66) 16(71) 21(111) 36(119) 32(220) 9(396)
OuDoor #5: 29(79) 22(245) 26(271) 43(300) 18(306) 30(350)
OuDoor #6: 31(82) 38(92) 0(120) 3(178) 11(347) 49(400)
OuDoor #7: 15(172) 23(181) 20(212) 13(243) 40(276) 33(401) 46(413)
OuDoor #8: 8(108) 17(175) 10(322) 24(339) 28(388) 41(397)
Cost 168371.50
DetCost 167231
Time 1758.18
InDoor #1: 9(58) 6(117) 39(186) 21(244) 2(252) 32(260)
InDoor #2: 29(5) 36(54) 13(69) 19(92) 22(222) 24(349)
InDoor #3: 34(38) 25(52) 33(79) 27(153) 45(196) 18(243) 10(252)
InDoor #4: 23(80) 44(124) 8(135) 46(144) 47(250) 35(274) 28(330)
InDoor #5: 17(97) 41(180) 0(221) 5(314) 7(342)
InDoor #6: 38(18) 42(36) 15(91) 43(99) 30(144) 40(226) 11(250)
InDoor #7: 16(178) 48(222) 37(292) 49(302) 31(372)
InDoor #8: 14(14) 12(20) 20(26) 4(31) 1(40) 26(50) 3(369)
OuDoor #1: 48(66) 16(71) 6(141) 28(383) 46(392) 33(402)
OuDoor #2: 29(79) 34(145) 19(151) 44(241) 35(390) 41(397)
OuDoor #3: 31(82) 38(92) 45(165) 15(172) 23(181) 47(398)
OuDoor #4: 21(107) 0(121) 3(178) 12(197) 14(204) 11(347)
OuDoor #5: 36(118) 25(123) 20(202) 4(213) 32(221) 40(276)
OuDoor #6: 37(166) 17(178) 22(245) 2(316) 1(376) 27(385)
OuDoor #7: 5(189) 13(242) 43(305) 42(317) 30(333) 24(339) 9(396)
OuDoor #8: 8(108) 26(277) 10(297) 18(307) 7(370) 39(386) 49(396)
Cost 168386.12
DetCost 167218
Time 1717.45
InDoor #1: 25(52) 33(79) 30(144) 39(186) 22(222) 11(250) 28(330)
InDoor #2: 23(80) 41(180) 40(226) 35(274) 49(290) 5(314) 7(342)
InDoor #3: 9(58) 27(153) 21(244) 10(252) 2(262) 31(372)
InDoor #4: 15(91) 6(117) 46(127) 48(222) 47(250) 32(258)
InDoor #5: 17(97) 19(107) 44(124) 0(221) 18(243) 24(349)
InDoor #6: 29(5) 4(14) 34(38) 42(45) 13(69) 3(369)
InDoor #7: 12(17) 38(23) 36(54) 8(135) 16(178) 37(292)
InDoor #8: 1(15) 14(23) 20(29) 26(50) 43(99) 45(196)
OuDoor #1: 38(92) 25(127) 37(186) 44(241) 24(336) 11(347)
OuDoor #2: 34(167) 3(178) 22(245) 10(308) 2(324) 49(403)
OuDoor #3: 16(71) 19(133) 21(139) 6(147) 15(172) 9(396)
OuDoor #4: 36(124) 17(175) 20(206) 13(242) 1(376) 27(385)
OuDoor #5: 23(182) 12(195) 14(202) 4(215) 40(276) 7(370)
OuDoor #6: 48(69) 29(83) 8(108) 26(273) 39(386) 28(401)
OuDoor #7: 31(79) 0(123) 45(180) 5(189) 43(297) 18(306) 42(317) 30(350)
OuDoor #8: 32(218) 35(374) 41(381) 47(391) 46(397) 33(407)
Cost 168374.80
DetCost 167245
Time 1733.10
InDoor #1: 20(1) 19(92) 16(178) 32(238) 11(250) 5(314)
InDoor #2: 29(5) 4(14) 14(23) 30(144) 45(196) 37(292)
InDoor #3: 13(69) 27(153) 48(222) 18(243) 21(252) 49(290)
InDoor #4: 38(18) 42(36) 36(54) 33(79) 17(97) 47(250) 3(369)
InDoor #5: 25(52) 15(91) 43(99) 6(117) 8(135) 41(180)
InDoor #6: 34(38) 23(80) 22(222) 35(274) 7(342) 31(372)
InDoor #7: 9(58) 44(124) 46(133) 40(226) 10(249) 2(259)
InDoor #8: 12(17) 1(23) 26(50) 39(186) 0(221) 28(330) 24(349)
OuDoor #1: 37(182) 5(189) 18(306) 30(333) 24(339) 35(397)
OuDoor #2: 23(179) 4(210) 32(218) 43(305) 42(317) 2(323)
OuDoor #3: 48(69) 29(83) 34(164) 15(172) 14(202) 13(242)
OuDoor #4: 38(92) 21(110) 36(118) 0(123) 3(178) 26(274) 39(386)
OuDoor #5: 19(130) 6(141) 45(166) 17(177) 40(276) 49(396)
OuDoor #6: 31(85) 44(241) 7(363) 1(378) 28(387) 9(396)
OuDoor #7: 16(71) 25(125) 12(199) 20(206) 22(245) 10(322)
OuDoor #8: 8(109) 11(347) 27(377) 41(386) 33(396) 47(401) 46(413)
Cost 168373.51
DetCost 167223
Time 1626.88
InDoor #1: 1(15) 34(38) 44(124) 46(133) 39(186) 28(330)
InDoor #2: 20(1) 12(17) 9(58) 48(222) 11(250) 31(372)
InDoor #3: 19(92) 27(153) 2(250) 49(290) 35(296) 5(314)
InDoor #4: 25(52) 6(117) 30(144) 22(222) 18(243) 32(252)
InDoor #5: 42(36) 36(54) 23(80) 17(97) 40(226) 3(369)
InDoor #6: 29(5) 14(14) 26(50) 13(69) 15(91) 43(99)
InDoor #7: 38(18) 4(28) 33(79) 8(135) 16(178) 45(196) 0(221) 47(250)
InDoor #8: 41(180) 21(244) 10(252) 37(292) 7(342) 24(349)
OuDoor #1: 30(340) 11(347) 1(361) 7(370) 27(385) 47(396)
OuDoor #2: 16(71) 17(175) 4(215) 13(242) 35(383) 9(396)
OuDoor #3: 15(172) 12(197) 14(204) 10(312) 2(324) 24(339)
OuDoor #4: 48(69) 21(113) 25(121) 3(178) 44(241) 46(413)
OuDoor #5: 29(81) 45(171) 23(182) 22(245) 39(386) 41(397)
OuDoor #6: 31(82) 36(116) 0(121) 19(136) 6(147) 20(206)
OuDoor #7: 38(92) 8(107) 34(170) 37(182) 5(189) 32(218) 26(269) 28(401)
OuDoor #8: 40(276) 18(306) 42(317) 43(323) 49(400) 33(405)
Cost 168428.45
DetCost 167216
Time 1766.80
InDoor #1: 14(14) 12(20) 38(26) 7(342) 24(349) 3(369)
InDoor #2: 29(5) 36(54) 23(80) 15(91) 19(98) 6(117)
InDoor #3: 26(50) 25(60) 17(97) 8(135) 40(226) 10(249)
InDoor #4: 9(58) 33(79) 16(178) 41(186) 47(250) 2(258) 37(292)
InDoor #5: 34(38) 44(124) 46(133) 45(196) 35(274) 28(330)
InDoor #6: 1(15) 42(36) 27(153) 0(221) 18(243) 5(314) 31(372)
InDoor #7: 4(14) 20(23) 13(69) 43(99) 48(222) 32(238) 49(290)
InDoor #8: 30(144) 39(186) 22(222) 21(244) 11(252)
OuDoor #1: 31(82) 12(197) 14(204) 7(367) 1(377) 39(386)
OuDoor #2: 29(79) 8(106) 4(204) 20(212) 24(342) 49(396)
OuDoor #3: 19(133) 6(144) 32(221) 22(245) 40(276) 10(322)
OuDoor #4: 16(71) 38(92) 21(107) 0(121) 5(189) 42(317)
OuDoor #5: 36(122) 25(127) 3(178) 30(340) 11(347) 47(396)
OuDoor #6: 34(152) 37(158) 45(165) 15(172) 13(243) 43(300) 18(306)
OuDoor #7: 48(69) 17(175) 2(320) 35(376) 41(383) 9(397)
OuDoor #8: 23(182) 44(241) 26(277) 27(384) 28(393) 46(402) 33(412)
Cost 168463.16
DetCost 167243
Time 893.68
