InDoor #1: 41(10) 33(24) 38(33) 71(44) 15(61) 57(75) 27(93) 37(127)
InDoor #2: 52(9) 77(20) 20(31) 31(37) 40(46) 58(58) 26(75) 69(89) 65(114) 73(123)
InDoor #3: 6(12) 28(30) 63(39) 75(49) 64(55) 44(64) 5(74) 55(84) 43(104) 19(117) 45(126) 22(147)
InDoor #4: 3(9) 29(16) 30(24) 9(33) 61(40) 10(49) 49(65) 18(83) 62(100) 42(107) 46(119) 60(128) 72(141) 39(151)
InDoor #5: 78(10) 59(19) 76(46) 67(68) 12(77) 47(90) 7(102) 13(107) 53(121) 11(131) 34(138) 51(146) 25(157)
InDoor #6: 36(24) 24(44) 79(53) 4(64) 23(85) 16(103) 56(112) 66(122) 1(140)
InDoor #7: 70(50) 32(88) 35(114) 50(125) 21(134) 54(142)
InDoor #8: 48(2) 0(10) 14(17) 2(45) 74(53) 8(80) 17(122) 68(133)
OuDoor #1: 51(43) 34(55) 10(61) 48(75) 65(82) 17(114) 60(131) 20(152) 3(173) 11(178) 33(188)
OuDoor #2: 71(64) 77(101) 54(109) 68(167) 72(180) 35(190) 49(198) 41(203)
OuDoor #3: 56(49) 28(83) 25(93) 50(124) 55(136) 46(145) 74(152) 27(165) 75(176) 70(186)
OuDoor #4: 64(65) 2(82) 8(90) 24(101) 43(117) 44(125) 23(130) 52(139) 26(163) 66(172) 73(179) 53(188)
OuDoor #5: 37(85) 32(94) 21(105) 1(147) 36(165) 67(172) 61(181) 22(188) 39(193)
OuDoor #6: 18(62) 6(82) 69(87) 4(120) 14(129) 15(137) 59(144) 47(153) 63(158) 76(175) 78(185) 57(190)
OuDoor #7: 42(46) 13(65) 7(84) 58(103) 9(113) 38(137) 0(149) 5(157) 19(167) 30(173) 29(183)
OuDoor #8: 16(137) 31(154) 40(164) 45(175) 62(184) 79(193) 12(200)
Cost 1098000.07
DetCost 1061480
Time 1423.52
InDoor #1: 3(9) 14(16) 30(22) 40(46) 74(55) 57(75) 18(84) 43(104) 73(123) 21(134)
InDoor #2: 48(2) 41(10) 76(46) 58(58) 67(68) 55(84) 69(89) 13(104) 19(117) 37(127) 72(141) 39(151)
InDoor #3: 78(10) 36(24) 9(34) 10(49) 4(64) 26(75) 27(93) 7(102) 42(107) 53(121) 68(133)
InDoor #4: 6(12) 77(22) 38(33) 71(44) 70(52) 49(65) 8(80) 35(114) 66(122) 11(132) 1(140)
InDoor #5: 29(15) 33(24) 20(32) 63(39) 75(49) 64(55) 44(64) 5(74) 62(100) 46(119) 60(128) 54(142)
InDoor #6: 59(9) 0(18) 28(30) 24(44) 15(61) 12(77) 47(90) 16(103) 65(114) 50(125) 34(138)
InDoor #7: 31(37) 2(46) 23(85) 45(126) 51(146) 25(157)
InDoor #8: 52(9) 61(40) 79(51) 32(88) 56(112) 17(122) 22(147)
OuDoor #1: 48(75) 7(84) 54(109) 14(129) 31(154) 68(167) 70(177) 39(182) 75(188) 49(198) 22(203)
OuDoor #2: 69(87) 24(101) 9(113) 50(124) 20(152) 67(172) 62(183) 35(192) 61(200)
OuDoor #3: 51(43) 34(55) 64(65) 6(84) 8(90) 77(101) 17(114) 44(125) 74(152) 36(165)
OuDoor #4: 42(46) 71(64) 37(85) 23(129) 16(137) 1(147) 5(156) 26(163) 76(178) 33(188)
OuDoor #5: 56(49) 10(61) 28(83) 25(93) 43(117) 55(136) 46(145) 47(153) 63(158) 66(172) 72(185)
OuDoor #6: 18(62) 65(82) 32(94) 21(105) 4(120) 60(129) 38(137) 59(144) 0(149) 40(164) 79(176) 29(183)
OuDoor #7: 13(65) 2(84) 52(139) 19(166) 45(171) 57(180) 73(186) 78(195) 12(200)
OuDoor #8: 58(103) 15(137) 27(165) 3(170) 30(175) 53(185) 11(193) 41(203)
Cost 1099106.29
DetCost 1059814
Time 1719.39
InDoor #1: 29(15) 24(44) 64(54) 18(83) 17(122) 11(132)
InDoor #2: 52(9) 33(24) 38(33) 76(46) 74(53) 12(77) 69(89) 62(100) 35(114) 50(125)
InDoor #3: 77(20) 61(40) 2(47) 4(64) 55(84) 13(104) 46(119) 60(128) 34(138) 51(146) 25(157)
InDoor #4: 41(10) 20(31) 71(44) 70(52) 67(68) 26(76) 47(90) 43(104) 65(114) 45(126) 1(140) 22(148)
InDoor #5: 78(10) 28(30) 40(46) 79(55) 5(74) 32(88) 16(103) 56(112) 66(122) 21(134) 54(142)
InDoor #6: 59(9) 63(39) 75(49) 44(64) 7(102) 42(107) 73(123) 68(133) 72(141) 39(151)
InDoor #7: 3(9) 6(16) 14(26) 9(33) 58(58) 49(65) 57(75) 23(85) 27(93) 19(117) 37(127)
InDoor #8: 48(2) 0(10) 30(19) 36(27) 31(37) 10(49) 15(61) 8(80) 53(121)
OuDoor #1: 54(109) 14(129) 16(137) 1(147) 5(157) 27(165) 57(181) 79(187) 62(194)
OuDoor #2: 51(43) 13(65) 48(75) 69(87) 24(101) 44(125) 60(131) 59(144) 40(164) 75(178) 53(188)
OuDoor #3: 42(45) 34(55) 64(65) 6(84) 32(94) 38(137) 26(163) 30(178)
OuDoor #4: 10(61) 37(85) 25(93) 21(105) 43(117) 55(136) 46(145) 47(153) 63(158) 19(167) 67(172) 29(183)
OuDoor #5: 56(49) 18(59) 71(64) 2(82) 8(90) 58(103) 4(120) 23(130) 52(139) 76(178) 33(188)
OuDoor #6: 7(84) 17(114) 50(124) 0(148) 31(154) 36(165) 66(172) 73(180) 22(189) 39(194)
OuDoor #7: 65(82) 15(137) 74(152) 68(167) 3(173) 70(178) 61(183) 12(190) 35(196) 78(204) 49(209)
OuDoor #8: 28(83) 77(101) 9(113) 20(152) 45(174) 72(183) 11(193) 41(203)
Cost 1099638.82
DetCost 1057837
Time 1331.18
InDoor #1: 6(12) 59(22) 31(37) 76(46) 64(54) 15(61) 47(90) 56(112) 73(123)
InDoor #2: 52(9) 36(24) 74(53) 26(75) 69(89) 50(125) 21(134)
InDoor #3: 63(39) 70(50) 49(65) 12(77) 18(83) 7(102) 65(114) 66(123) 68(133) 72(141) 25(157)
InDoor #4: 3(9) 33(24) 24(44) 10(53) 44(64) 23(85) 16(103) 19(117) 45(126) 1(140) 39(151)
InDoor #5: 48(2) 29(15) 0(23) 28(30) 61(40) 75(49) 58(58) 5(74) 55(84) 62(100) 35(114) 53(121) 11(131) 34(138) 51(146)
InDoor #6: 41(10) 38(33) 2(45) 4(64) 8(80) 27(93) 43(104) 46(119) 60(128) 54(142)
InDoor #7: 78(10) 77(20) 20(31) 71(44) 79(52) 67(68) 57(76) 42(106) 37(127) 22(147)
InDoor #8: 30(19) 14(27) 9(33) 40(46) 32(88) 13(104) 17(122)
OuDoor #1: 65(82) 21(105) 74(152) 73(178) 12(187) 22(193) 49(198) 11(203)
OuDoor #2: 28(83) 32(94) 58(103) 15(137) 0(148) 31(154) 36(165) 45(174) 29(183)
OuDoor #3: 42(46) 13(65) 48(75) 2(84) 25(93) 54(109) 43(117) 60(129) 38(137) 67(172) 78(207)
OuDoor #4: 18(62) 7(84) 24(101) 4(120) 55(136) 46(145) 47(153) 63(158) 68(166) 66(172) 33(177) 57(182) 53(188)
OuDoor #5: 34(55) 10(61) 37(85) 77(101) 16(137) 1(147) 5(157) 40(164) 76(176) 39(186) 72(192)
OuDoor #6: 56(49) 64(65) 6(84) 8(90) 17(114) 14(129) 52(139) 19(167) 70(180) 41(185) 62(194)
OuDoor #7: 51(43) 9(113) 44(125) 23(130) 59(144) 27(165) 75(179) 61(189) 35(196)
OuDoor #8: 71(64) 69(87) 50(124) 20(152) 26(163) 3(174) 30(182) 79(192)
Cost 1098763.73
DetCost 1059378
Time 1589.48
InDoor #1: 48(2) 29(15) 9(33) 40(46) 15(61) 67(68) 5(76) 23(85) 45(126)
InDoor #2: 78(10) 33(24) 38(33) 75(49) 49(65) 55(84) 32(89) 16(103) 53(121) 21(134)
InDoor #3: 41(10) 77(20) 28(30) 61(40) 10(49) 44(64) 8(80) 69(89) 46(119) 37(128) 1(140)
InDoor #4: 3(9) 6(16) 20(31) 63(39) 58(58) 57(75) 18(84) 43(104) 56(112) 73(123) 11(133) 72(141) 39(151)
InDoor #5: 52(9) 36(24) 71(44) 70(52) 4(64) 26(75) 27(93) 7(102) 65(114) 66(123) 22(147)
InDoor #6: 31(37) 76(46) 74(53) 12(77) 42(106) 17(122) 68(133) 51(146) 25(157)
InDoor #7: 0(6) 14(14) 24(44) 79(53) 47(90) 13(104) 19(117) 50(126) 54(142)
InDoor #8: 59(9) 30(19) 2(45) 64(54) 62(100) 35(114) 60(127) 34(138)
OuDoor #1: 71(64) 28(83) 8(90) 46(145) 31(154) 45(174) 72(183) 11(193) 41(203)
OuDoor #2: 51(43) 34(55) 65(82) 77(101) 20(152) 76(180) 57(190)
OuDoor #3: 56(49) 7(84) 24(101) 54(109) 15(137) 1(147) 5(157) 40(164) 70(174) 62(179) 53(188) 78(207)
OuDoor #4: 42(46) 10(61) 2(84) 25(93) 21(105) 17(114) 4(120) 38(137) 59(144) 74(152) 36(165) 66(172) 29(183)
OuDoor #5: 64(65) 6(82) 69(87) 32(94) 9(113) 50(123) 23(130) 52(139) 26(159) 27(165) 73(177) 35(186) 39(194)
OuDoor #6: 13(65) 48(75) 37(85) 44(125) 55(136) 0(149) 19(167) 67(172) 79(181) 33(188)
OuDoor #7: 18(62) 58(103) 43(117) 14(129) 16(137) 47(153) 63(158) 30(180)
OuDoor #8: 60(131) 68(166) 3(172) 61(177) 12(184) 22(190) 49(195) 75(200)
Cost 1098128.16
DetCost 1059440
Time 1541.67
InDoor #1: 52(9) 38(33) 70(50) 15(61) 57(75) 27(93) 7(102) 16(107) 19(117) 60(127) 34(138)
InDoor #2: 40(46) 49(65) 47(90) 43(104) 56(112) 50(125) 39(151)
InDoor #3: 29(15) 36(24) 71(44) 79(52) 8(80) 69(89) 13(104) 46(119) 17(128) 1(140)
InDoor #4: 0(6) 78(13) 14(22) 30(28) 63(39) 75(49) 58(58) 44(64) 5(74) 18(83) 42(106) 53(121) 11(131) 51(146)
InDoor #5: 59(9) 33(24) 20(32) 24(44) 10(53) 67(68) 55(84) 62(100) 35(114) 66(122) 21(134) 22(147) 25(157)
InDoor #6: 77(20) 31(37) 76(46) 74(53) 26(75) 23(85) 65(114) 37(127) 72(141)
InDoor #7: 3(9) 6(16) 28(30) 61(40) 2(47) 64(55) 32(88) 73(123) 68(133)
InDoor #8: 48(2) 41(10) 9(33) 4(64) 12(77) 45(126) 54(142)
OuDoor #1: 42(46) 28(83) 43(117) 15(137) 47(153) 63(158) 45(173) 62(182) 41(191) 12(200)
OuDoor #2: 34(55) 71(64) 65(82) 32(94) 17(114) 4(120) 23(130) 59(144) 66(172) 33(180) 75(185) 79(195)
OuDoor #3: 64(65) 77(101) 54(109) 50(124) 38(137) 46(145) 27(165) 61(175) 30(182)
OuDoor #4: 10(61) 7(83) 8(90) 21(105) 44(124) 14(129) 16(137) 1(147) 26(163) 67(172) 29(183)
OuDoor #5: 51(43) 18(62) 2(84) 24(101) 60(131) 52(139) 74(152) 36(165) 53(178) 22(186) 76(191)
OuDoor #6: 56(49) 13(65) 48(75) 69(87) 55(136) 5(157) 19(167) 57(178) 72(184) 39(194) 11(200)
OuDoor #7: 37(85) 25(93) 58(103) 0(148) 31(154) 40(164) 3(173) 73(178) 70(187)
OuDoor #8: 6(84) 9(113) 20(152) 68(167) 49(186) 78(191) 35(196)
Cost 1100069.86
DetCost 1064123
Time 1084.30
InDoor #1: 14(14) 31(37) 15(61) 69(89) 56(112) 45(126)
InDoor #2: 6(12) 30(22) 63(39) 75(49) 64(55) 49(65) 19(117) 60(127) 54(142)
InDoor #3: 36(24) 70(50) 44(64) 32(88) 16(103) 46(119) 11(130) 22(147) 25(157)
InDoor #4: 38(33) 24(44) 58(58) 12(77) 18(83) 62(100) 35(114) 53(121) 50(131) 1(140) 39(151)
InDoor #5: 52(9) 29(19) 28(30) 61(40) 2(47) 79(55) 26(75) 55(85) 47(90) 13(104) 65(114) 73(123) 34(138) 51(146)
InDoor #6: 48(2) 78(10) 77(20) 40(46) 10(55) 5(74) 23(85) 43(104) 17(122) 21(134) 72(142)
InDoor #7: 59(9) 33(24) 20(32) 71(44) 74(53) 67(68) 8(80) 7(102) 42(107) 66(122) 68(133)
InDoor #8: 0(6) 3(13) 41(20) 9(33) 76(46) 4(64) 57(75) 27(93) 37(127)
OuDoor #1: 28(83) 15(137) 46(145) 20(152) 68(167) 33(180) 12(185) 41(191) 61(200)
OuDoor #2: 2(84) 32(94) 54(109) 55(136) 19(167) 3(172) 70(177) 62(182) 73(191) 75(200)
OuDoor #3: 42(46) 13(65) 7(84) 58(103) 14(129) 16(137) 1(147) 5(157) 27(165) 66(172) 57(177) 29(183)
OuDoor #4: 18(62) 21(105) 60(131) 52(139) 47(153) 26(163) 79(174) 35(181) 22(189) 39(194)
OuDoor #5: 34(55) 10(61) 37(84) 8(90) 24(101) 43(117) 50(124) 38(137) 59(144) 36(165) 30(178) 53(188)
OuDoor #6: 56(49) 71(64) 48(75) 69(87) 25(93) 4(120) 23(130) 74(152) 63(158) 67(172)
OuDoor #7: 51(43) 64(65) 65(82) 77(101) 17(114) 44(125) 0(148) 31(154) 45(173) 49(182) 78(187) 72(192)
OuDoor #8: 6(84) 9(113) 40(164) 11(179) 76(189)
Cost 1096889.39
DetCost 1060034
Time 1233.99
InDoor #1: 78(10) 9(33) 40(46) 32(88) 56(112) 37(127)
InDoor #2: 28(30) 76(46) 67(68) 73(123) 68(133) 54(142) 39(151)
InDoor #3: 29(15) 20(31) 61(40) 10(49) 44(64) 12(77) 47(90) 53(121) 34(138) 22(147) 25(157)
InDoor #4: 48(2) 0(10) 3(17) 36(24) 38(34) 71(44) 79(52) 4(64) 5(74) 8(82) 62(100) 42(107) 19(117) 45(126) 1(140)
InDoor #5: 6(12) 77(22) 33(31) 63(39) 70(50) 49(65) 26(75) 43(104) 65(114) 66(123) 21(134) 72(142)
InDoor #6: 41(10) 59(20) 30(29) 24(44) 64(54) 15(61) 57(75) 55(84) 69(89) 13(104) 46(119) 50(128) 51(146)
InDoor #7: 2(45) 74(53) 23(85) 7(102) 35(114) 17(122) 11(132)
InDoor #8: 52(9) 14(19) 31(37) 75(49) 58(58) 18(83) 27(93) 16(103) 60(127)
OuDoor #1: 71(64) 58(103) 20(152) 68(165) 45(171) 72(180) 12(190) 61(196) 22(203) 49(208)
OuDoor #2: 2(84) 1(145) 31(154) 66(170) 39(175) 62(181) 76(190) 75(200)
OuDoor #3: 56(49) 64(65) 7(83) 8(90) 60(129) 15(137) 74(152) 63(158) 19(167) 53(175) 29(183)
OuDoor #4: 51(43) 34(55) 10(61) 6(82) 69(87) 25(93) 44(125) 55(136) 46(145) 47(153) 27(160) 36(165) 79(180) 70(187)
OuDoor #5: 42(46) 13(65) 65(82) 32(94) 43(117) 23(130) 52(139) 0(149) 5(157) 40(164) 3(174) 30(182)
OuDoor #6: 18(62) 48(75) 28(83) 24(101) 54(109) 50(124) 38(137) 59(144) 78(190) 35(195)
OuDoor #7: 37(85) 77(101) 9(113) 16(137) 26(163) 67(172) 73(181) 57(190)
OuDoor #8: 21(105) 17(114) 4(120) 14(129) 11(178) 33(188) 41(196)
Cost 1099279.03
DetCost 1059916
Time 705.42
InDoor #1: 6(12) 30(22) 76(46) 57(75) 69(89) 19(117) 50(126)
InDoor #2: 77(20) 24(44) 79(53) 8(80) 27(93) 16(103) 17(122) 34(138)
InDoor #3: 0(6) 29(15) 36(24) 9(34) 2(45) 64(54) 5(74) 18(83) 7(102) 56(112) 73(123) 68(133) 51(146)
InDoor #4: 28(30) 61(40) 74(53) 44(64) 26(75) 23(85) 62(100) 65(114) 45(126) 1(140) 25(157)
InDoor #5: 52(9) 33(24) 20(32) 63(39) 75(49) 10(55) 67(68) 12(77) 55(84) 42(106) 46(119) 60(128) 72(141) 39(151)
InDoor #6: 78(10) 38(33) 71(44) 58(58) 4(64) 32(88) 13(104) 35(114) 37(127) 22(147)
InDoor #7: 41(10) 31(37) 40(46) 49(65) 47(90) 43(104) 66(122) 11(132)
InDoor #8: 48(2) 3(10) 14(17) 59(23) 70(50) 15(61) 53(121) 21(134) 54(142)
OuDoor #1: 13(65) 9(113) 15(137) 27(165) 45(175) 12(184) 78(190) 49(195) 61(200)
OuDoor #2: 18(62) 77(101) 54(109) 4(120) 0(149) 40(164) 33(180) 72(185) 79(195)
OuDoor #3: 51(43) 69(87) 25(93) 17(114) 60(131) 52(139) 63(158) 67(172) 57(182) 53(188)
OuDoor #4: 42(46) 6(78) 7(83) 8(90) 24(101) 55(136) 46(145) 20(152) 76(177) 41(187) 35(196)
OuDoor #5: 56(49) 10(61) 48(75) 2(84) 43(117) 44(124) 23(129) 38(137) 59(144) 74(151) 5(157) 36(165) 66(172) 22(178) 29(183)
OuDoor #6: 34(55) 37(85) 58(103) 50(124) 16(137) 47(153) 26(161) 19(167) 30(182)
OuDoor #7: 71(64) 65(82) 32(94) 21(105) 14(129) 1(147) 68(167) 3(174) 70(180) 62(185) 39(194)
OuDoor #8: 64(65) 28(83) 31(154) 73(181) 11(190) 75(200)
Cost 1097890.05
DetCost 1056625
Time 86.67
InDoor #1: 3(9) 59(16) 70(50) 8(80) 45(126)
InDoor #2: 30(19) 33(27) 64(54) 67(68) 18(83) 53(121) 11(131) 54(142)
InDoor #3: 0(6) 9(33) 63(39) 75(49) 58(58) 4(64) 57(75) 69(89) 7(102) 56(112) 73(123) 22(147)
InDoor #4: 41(10) 6(20) 28(30) 40(46) 74(55) 49(65) 5(74) 55(84) 16(103) 19(117) 37(127) 1(140)
InDoor #5: 20(31) 61(40) 2(47) 44(64) 26(75) 32(88) 62(100) 42(107) 66(122) 68(133) 72(141) 25(157)
InDoor #6: 14(14) 77(20) 38(33) 71(44) 10(52) 12(77) 47(90) 13(104) 35(114) 17(122) 34(138) 39(151)
InDoor #7: 29(15) 36(24) 31(37) 76(46) 15(61) 23(85) 27(93) 43(104) 65(114) 50(125) 21(134) 51(146)
InDoor #8: 48(2) 78(10) 52(19) 24(44) 79(53) 46(119) 60(128)
OuDoor #1: 69(87) 77(101) 3(174) 73(185) 35(194) 41(202) 49(211) 78(216)
OuDoor #2: 7(84) 15(137) 1(147) 19(167) 45(176) 57(185) 62(191) 75(200)
OuDoor #3: 6(84) 8(90) 24(101) 9(113) 20(149) 5(157) 27(165) 70(180) 79(185) 72(192)
OuDoor #4: 56(49) 71(64) 48(75) 37(85) 25(93) 54(109) 4(120) 23(129) 38(137) 31(154) 68(165) 61(171) 29(178) 33(188)
OuDoor #5: 34(55) 10(61) 28(83) 32(94) 58(103) 43(117) 44(125) 16(137) 0(149) 63(157) 36(165)
OuDoor #6: 42(46) 64(65) 2(84) 21(105) 50(124) 60(131) 46(145) 74(152) 40(164) 66(172) 53(178) 39(186) 22(192) 12(197) 11(203)
OuDoor #7: 51(43) 13(65) 17(114) 55(136) 59(144) 47(153) 26(163) 67(172) 30(182)
OuDoor #8: 18(62) 65(82) 14(129) 52(139) 76(184)
Cost 1096037.70
DetCost 1054659
Time 499.01
