InDoor #1: 4(4) 6(22) 31(32) 13(41) 1(60)
InDoor #2: 10(19) 25(29) 34(38) 19(45) 7(62) 11(70)
InDoor #3: 5(14) 14(24) 30(30) 0(38) 22(47) 26(55)
InDoor #4: 33(14) 24(24) 23(35) 15(42) 8(50) 16(63)
InDoor #5: 20(11) 12(27) 18(33) 32(42) 9(53) 28(60)
InDoor #6: 27(3) 2(11) 21(24) 17(32) 3(42) 29(55)
OuDoor #1: 2(65) 1(75) 20(85) 14(90) 6(96)
OuDoor #2: 12(53) 10(66) 19(76) 17(91) 15(101) 24(110)
OuDoor #3: 3(51) 23(63) 13(75) 0(84) 33(91) 21(99)
OuDoor #4: 25(47) 30(62) 7(71) 31(82) 28(92) 32(101)
OuDoor #5: 8(54) 5(66) 22(75) 27(84) 34(92) 16(98) 26(107)
OuDoor #6: 18(64) 11(74) 9(84) 4(95) 29(105)
Cost 120655.26
DetCost 107897
Time 1662.83
InDoor #1: 33(14) 25(27) 13(36) 8(50) 1(60)
InDoor #2: 20(11) 6(22) 30(32) 34(40) 22(47) 7(62)
InDoor #3: 4(4) 14(24) 12(30) 0(36) 19(43) 26(55) 11(70)
InDoor #4: 27(3) 10(19) 31(29) 32(38) 18(44) 16(63)
InDoor #5: 2(5) 24(24) 23(35) 15(42) 29(55)
InDoor #6: 5(14) 21(24) 17(32) 3(42) 9(53) 28(60)
OuDoor #1: 2(66) 22(76) 20(85) 14(90) 6(96) 26(106)
OuDoor #2: 3(51) 18(66) 19(76) 16(87) 17(96)
OuDoor #3: 12(53) 10(65) 13(75) 0(84) 33(91) 21(99)
OuDoor #4: 25(47) 23(63) 7(71) 31(82) 34(92) 29(98) 32(104)
OuDoor #5: 8(54) 30(62) 11(74) 27(84) 4(92)
OuDoor #6: 5(64) 1(73) 9(83) 28(92) 15(101) 24(110)
Cost 121474.79
DetCost 110056
Time 1761.04
InDoor #1: 27(3) 20(11) 24(24) 13(34) 19(44)
InDoor #2: 2(5) 14(24) 25(30) 34(39) 22(47) 28(60)
InDoor #3: 10(19) 30(29) 0(37) 32(44) 9(53) 1(60)
InDoor #4: 5(14) 12(27) 23(35) 15(42) 29(55) 16(63)
InDoor #5: 4(4) 6(22) 31(32) 3(41) 8(50) 7(62) 11(70)
InDoor #6: 33(14) 21(24) 17(32) 18(42) 26(55)
OuDoor #1: 2(65) 1(75) 16(96) 24(105) 15(114)
OuDoor #2: 12(53) 10(66) 22(76) 20(88) 34(94) 29(100)
OuDoor #3: 3(51) 23(63) 7(71) 31(82) 4(92) 26(102)
OuDoor #4: 25(47) 30(62) 11(74) 27(83) 14(90) 17(96)
OuDoor #5: 8(54) 18(65) 13(75) 0(84) 33(91) 21(99)
OuDoor #6: 5(67) 19(76) 9(84) 6(94) 32(104) 28(112)
Cost 119484.04
DetCost 106293
Time 1766.22
InDoor #1: 2(5) 5(14) 6(22) 13(34) 19(44)
InDoor #2: 27(3) 14(24) 25(30) 34(39) 22(47) 28(60)
InDoor #3: 10(19) 30(29) 0(37) 32(44) 9(53) 1(60)
InDoor #4: 24(24) 31(33) 15(42) 8(50) 7(62) 11(70)
InDoor #5: 33(14) 12(27) 23(35) 3(42) 29(55) 16(63)
InDoor #6: 4(4) 20(13) 21(24) 17(32) 18(42) 26(55)
OuDoor #1: 2(65) 1(75) 20(90) 4(95) 28(105)
OuDoor #2: 12(53) 10(66) 22(76) 34(90) 6(96) 24(106)
OuDoor #3: 3(51) 23(63) 7(71) 31(82) 29(93) 21(99)
OuDoor #4: 25(47) 18(65) 13(75) 27(83) 14(90) 17(96)
OuDoor #5: 8(54) 30(62) 11(74) 0(84) 33(92) 32(100)
OuDoor #6: 5(67) 19(76) 9(84) 26(93) 16(100) 15(109)
Cost 119556.19
DetCost 106384
Time 1625.59
InDoor #1: 2(5) 14(24) 31(30) 32(39) 22(47)
InDoor #2: 27(3) 20(11) 10(19) 12(29) 0(36) 34(43) 28(60)
InDoor #3: 33(14) 25(27) 23(36) 15(43) 29(55) 7(63)
InDoor #4: 24(24) 18(33) 13(42) 9(53) 16(63)
InDoor #5: 6(22) 30(32) 19(40) 8(50) 1(60) 11(70)
InDoor #6: 4(4) 5(14) 21(24) 17(32) 3(42) 26(55)
OuDoor #1: 25(47) 2(65) 1(75) 20(88) 26(93) 16(100)
OuDoor #2: 3(51) 23(63) 7(71) 31(82) 4(94)
OuDoor #3: 8(54) 18(64) 11(74) 27(84) 33(91) 21(99)
OuDoor #4: 12(53) 10(65) 13(75) 0(84) 29(93) 34(99)
OuDoor #5: 5(67) 22(76) 14(86) 6(92) 32(102) 24(110)
OuDoor #6: 30(62) 19(76) 9(84) 17(93) 15(103) 28(112)
Cost 122483.03
DetCost 107712
Time 1517.21
InDoor #1: 2(5) 5(14) 21(24) 17(32) 18(42) 26(55)
InDoor #2: 6(22) 13(34) 3(44) 9(53) 28(60)
InDoor #3: 33(14) 25(27) 0(36) 15(43) 29(55) 16(63)
InDoor #4: 27(3) 20(11) 24(24) 30(33) 34(41) 22(48) 7(62)
InDoor #5: 10(19) 12(29) 23(35) 19(42) 1(60) 11(70)
InDoor #6: 4(4) 14(24) 31(30) 32(39) 8(50)
OuDoor #1: 5(65) 11(74) 9(84) 4(95) 29(105)
OuDoor #2: 30(62) 18(71) 31(82) 34(92) 24(98) 32(107)
OuDoor #3: 12(53) 23(63) 7(71) 27(84) 26(92) 16(99)
OuDoor #4: 3(51) 10(65) 13(75) 0(84) 33(91) 21(99)
OuDoor #5: 25(47) 1(66) 19(76) 20(85) 14(90) 17(96)
OuDoor #6: 8(54) 2(66) 22(76) 6(94) 28(104) 15(113)
Cost 121694.41
DetCost 107902
Time 1321.62
InDoor #1: 2(5) 21(24) 17(32) 18(42) 26(55)
InDoor #2: 5(14) 14(24) 31(30) 32(39) 22(47) 28(60)
InDoor #3: 27(3) 10(19) 12(29) 23(35) 15(42) 29(55) 7(63)
InDoor #4: 20(11) 25(27) 0(36) 34(43) 9(53) 16(63)
InDoor #5: 24(24) 30(33) 19(41) 8(50) 11(70)
InDoor #6: 4(4) 33(14) 6(22) 13(34) 3(44) 1(60)
OuDoor #1: 18(65) 1(75) 4(91) 28(101) 24(110)
OuDoor #2: 8(54) 30(62) 7(71) 31(81) 20(91) 17(96)
OuDoor #3: 25(47) 23(63) 11(74) 9(84) 6(96) 15(106)
OuDoor #4: 3(51) 10(65) 13(75) 27(83) 16(90) 34(99)
OuDoor #5: 12(53) 2(66) 19(76) 0(84) 33(91) 21(99)
OuDoor #6: 5(67) 22(76) 14(88) 29(94) 26(100) 32(107)
Cost 121734.37
DetCost 110114
Time 1786.06
InDoor #1: 20(11) 6(22) 31(32) 34(41) 7(62)
InDoor #2: 33(14) 25(27) 0(36) 19(43) 1(60) 11(70)
InDoor #3: 2(5) 14(24) 30(30) 32(38) 22(47) 9(54) 16(63)
InDoor #4: 10(19) 12(29) 23(35) 15(42) 8(50) 28(60)
InDoor #5: 4(4) 24(24) 13(34) 3(44) 29(55)
InDoor #6: 27(3) 5(14) 21(24) 17(32) 18(42) 26(55)
OuDoor #1: 2(65) 1(75) 14(90) 17(96) 26(106)
OuDoor #2: 12(53) 10(66) 19(76) 0(84) 20(91) 6(96)
OuDoor #3: 3(51) 23(63) 7(71) 31(82) 33(92) 24(100)
OuDoor #4: 25(47) 30(62) 11(74) 27(84) 4(91) 29(101) 32(107)
OuDoor #5: 8(54) 5(66) 22(75) 9(84) 34(93) 21(99)
OuDoor #6: 18(65) 13(75) 16(94) 15(103) 28(112)
Cost 121012.86
DetCost 108487
Time 1709.91
InDoor #1: 2(5) 6(22) 31(32) 34(41) 8(50)
InDoor #2: 4(4) 10(19) 25(29) 0(38) 19(45) 1(60)
InDoor #3: 14(24) 30(30) 32(38) 22(47) 26(55) 11(70)
InDoor #4: 27(3) 20(11) 24(24) 23(35) 15(42) 29(55) 16(63)
InDoor #5: 5(14) 12(27) 13(34) 3(44) 9(53) 7(62)
InDoor #6: 33(14) 21(24) 17(32) 18(42) 28(60)
OuDoor #1: 2(66) 22(76) 4(94) 32(104) 28(112)
OuDoor #2: 3(51) 10(66) 19(76) 9(84) 17(94) 15(104)
OuDoor #3: 12(53) 23(63) 13(75) 0(84) 33(91) 34(99)
OuDoor #4: 25(47) 30(62) 7(71) 27(83) 14(90) 6(96)
OuDoor #5: 8(54) 18(63) 11(73) 31(82) 29(94) 16(100) 24(109)
OuDoor #6: 5(66) 1(75) 20(88) 21(98) 26(107)
Cost 121248.32
DetCost 107151
Time 1627.70
InDoor #1: 21(24) 31(32) 34(41) 8(50) 1(60)
InDoor #2: 4(4) 25(27) 0(36) 19(43) 7(62) 11(70)
InDoor #3: 33(14) 14(24) 30(30) 32(38) 22(47) 16(63)
InDoor #4: 10(19) 12(29) 23(35) 15(42) 9(53) 28(60)
InDoor #5: 2(5) 5(14) 24(24) 13(34) 3(44) 29(55)
InDoor #6: 27(3) 20(11) 6(22) 17(32) 18(42) 26(55)
OuDoor #1: 2(66) 22(76) 20(85) 14(90) 6(96)
OuDoor #2: 3(51) 10(66) 19(76) 0(84) 33(91) 21(99)
OuDoor #3: 12(53) 23(63) 7(71) 31(82) 17(94) 24(104)
OuDoor #4: 25(47) 5(65) 1(74) 27(84) 16(92) 26(101)
OuDoor #5: 8(54) 30(62) 11(74) 34(95) 29(101) 28(107)
OuDoor #6: 18(65) 13(75) 9(84) 4(95) 32(105) 15(113)
Cost 120047.16
DetCost 107723
Time 1200.67
