InDoor #1: 18(3) 0(12) 30(19) 36(27) 19(37)
InDoor #2: 27(13) 7(22) 24(44) 4(64) 5(74)
InDoor #3: 13(24) 9(34) 21(54) 22(67) 12(77)
InDoor #4: 35(34) 17(42) 34(58) 39(71) 25(81)
InDoor #5: 20(31) 31(37) 10(49) 1(60) 26(75)
InDoor #6: 6(12) 33(24) 28(32) 2(45) 8(80)
InDoor #7: 32(8) 23(14) 14(21) 16(27) 11(50) 15(61)
InDoor #8: 3(9) 29(16) 38(33) 37(47)
OuDoor #1: 32(83) 7(92) 35(103) 30(109) 23(118)
OuDoor #2: 21(61) 38(80) 5(91) 1(101) 16(111)
OuDoor #3: 14(63) 9(71) 13(77) 10(93) 3(102) 2(107) 6(116)
OuDoor #4: 12(60) 18(74) 29(80) 11(92) 27(105)
OuDoor #5: 17(72) 22(81) 31(103) 26(111)
OuDoor #6: 20(46) 4(59) 15(68) 28(76) 37(104)
OuDoor #7: 8(65) 34(79) 24(104) 39(110)
OuDoor #8: 0(64) 19(82) 25(109) 33(118) 36(128)
Cost 180559.75
DetCost 166627
Time 1771.59
InDoor #1: 3(9) 30(19) 9(33) 19(38)
InDoor #2: 6(12) 23(22) 31(37) 4(64) 5(74)
InDoor #3: 13(24) 35(34) 24(44) 21(54) 22(67) 25(77)
InDoor #4: 27(13) 36(24) 17(42) 34(58) 12(77)
InDoor #5: 16(23) 20(31) 38(36) 10(49) 1(60) 39(71)
InDoor #6: 18(3) 14(14) 2(45) 26(75)
InDoor #7: 0(6) 28(30) 11(50) 15(61) 8(80)
InDoor #8: 32(8) 29(15) 7(23) 33(28) 37(47)
OuDoor #1: 14(64) 32(83) 35(103) 30(109) 33(118)
OuDoor #2: 21(61) 9(72) 38(80) 2(104) 16(113)
OuDoor #3: 12(60) 13(77) 5(91) 1(101) 6(116)
OuDoor #4: 0(64) 18(74) 29(80) 7(92) 3(100) 27(105)
OuDoor #5: 4(61) 17(72) 22(81) 11(92) 31(105) 36(113) 23(120)
OuDoor #6: 15(68) 28(76) 10(93) 37(102) 26(111)
OuDoor #7: 20(46) 8(65) 34(79) 39(110)
OuDoor #8: 19(82) 24(104) 25(110)
Cost 180282.84
DetCost 165594
Time 1050.75
InDoor #1: 6(12) 37(47) 5(74)
InDoor #2: 38(33) 2(45) 21(54) 22(67) 26(75)
InDoor #3: 29(15) 28(30) 9(37) 10(49) 1(60) 39(71)
InDoor #4: 33(24) 20(32) 17(42) 34(58) 12(77)
InDoor #5: 16(23) 35(34) 24(44) 15(61) 25(77)
InDoor #6: 3(9) 23(16) 7(23) 30(28) 19(37) 11(50) 4(64) 8(80)
InDoor #7: 18(3) 14(14) 32(20) 13(26) 31(37)
InDoor #8: 0(6) 27(13) 36(24)
OuDoor #1: 9(71) 13(77) 5(91) 35(104) 39(110)
OuDoor #2: 4(61) 17(72) 22(81) 10(93) 27(105) 6(116)
OuDoor #3: 20(46) 8(65) 18(74) 29(80) 11(92) 1(101)
OuDoor #4: 12(58) 15(68) 34(79) 7(92) 31(105) 16(113)
OuDoor #5: 21(61) 28(74) 19(82) 3(101) 30(106)
OuDoor #6: 14(64) 38(80) 2(105) 33(114) 36(124)
OuDoor #7: 0(64) 32(83) 37(102) 26(111)
OuDoor #8: 24(104) 25(110) 23(119)
Cost 183520.92
DetCost 171135
Time 156.42
InDoor #1: 6(12) 16(23) 20(31) 9(36) 19(41)
InDoor #2: 36(24) 24(44) 15(61) 26(75)
InDoor #3: 28(30) 31(37) 11(50) 8(80)
InDoor #4: 29(15) 13(24) 35(34) 10(49) 1(60) 25(77)
InDoor #5: 0(6) 33(24) 2(45) 34(58) 39(71)
InDoor #6: 14(14) 30(20) 17(42) 21(54) 22(67) 12(77)
InDoor #7: 3(9) 23(16) 7(23) 38(33) 37(47) 4(64) 5(74)
InDoor #8: 18(3) 32(12) 27(18)
OuDoor #1: 21(61) 9(72) 19(82) 37(104) 36(113) 23(120)
OuDoor #2: 12(60) 34(79) 24(101) 16(107) 6(116)
OuDoor #3: 20(46) 8(65) 28(76) 25(102) 26(111)
OuDoor #4: 14(64) 17(72) 22(81) 10(93) 27(102) 39(110)
OuDoor #5: 15(68) 18(74) 29(80) 11(92) 31(105)
OuDoor #6: 4(61) 13(77) 7(92) 1(101)
OuDoor #7: 0(64) 38(80) 5(91) 3(105) 2(110)
OuDoor #8: 32(83) 35(103) 30(109) 33(118)
Cost 182934.06
DetCost 167606
Time 1306.94
InDoor #1: 27(13) 38(33) 39(71)
InDoor #2: 36(24) 9(34) 2(45) 15(61) 5(74)
InDoor #3: 13(24) 19(37) 10(49) 4(64) 12(77)
InDoor #4: 16(23) 35(34) 21(54) 22(67) 26(75)
InDoor #5: 18(3) 30(19) 28(30) 17(42) 34(58) 25(77)
InDoor #6: 14(14) 7(22) 20(31) 31(37) 37(47) 1(60) 8(80)
InDoor #7: 0(6) 3(13) 32(20) 33(26) 11(50)
InDoor #8: 23(5) 6(12) 29(22) 24(44)
OuDoor #1: 13(77) 10(93) 35(102) 3(108) 16(113) 33(122)
OuDoor #2: 4(61) 17(72) 19(82) 7(91) 1(99) 30(109)
OuDoor #3: 21(58) 8(65) 38(80) 5(91) 39(107)
OuDoor #4: 15(68) 18(74) 22(81) 11(92) 27(102) 2(110)
OuDoor #5: 20(46) 12(60) 28(76) 37(102) 26(111)
OuDoor #6: 14(64) 9(72) 29(80) 31(105) 6(113)
OuDoor #7: 32(83) 24(104) 25(110)
OuDoor #8: 0(64) 34(79) 36(110) 23(117)
Cost 183540.91
DetCost 171822
Time 1276.63
InDoor #1: 27(13) 38(33) 15(61) 26(75)
InDoor #2: 6(12) 16(23) 9(33) 10(49) 4(64) 8(80)
InDoor #3: 14(14) 7(22) 35(34) 2(45) 21(54) 22(67) 5(74)
InDoor #4: 0(6) 28(30) 17(42) 34(58) 39(71)
InDoor #5: 30(19) 20(31) 24(44) 1(60) 12(77)
InDoor #6: 3(9) 18(16) 33(25) 19(37) 11(50)
InDoor #7: 29(15) 13(24) 31(37) 37(47) 25(77)
InDoor #8: 23(5) 32(12) 36(24)
OuDoor #1: 17(72) 19(82) 24(104) 25(110)
OuDoor #2: 8(65) 18(74) 38(80) 5(91) 37(102) 26(111)
OuDoor #3: 4(61) 28(75) 32(83) 10(93) 27(102) 39(110)
OuDoor #4: 12(60) 9(72) 34(79) 11(92) 31(105)
OuDoor #5: 20(46) 21(61) 15(68) 13(77) 7(92) 1(101)
OuDoor #6: 14(64) 29(80) 35(101) 2(107) 6(116)
OuDoor #7: 0(64) 3(99) 30(104) 16(113) 36(122)
OuDoor #8: 22(81) 33(112) 23(122)
Cost 183113.47
DetCost 168136
Time 956.84
InDoor #1: 0(6) 27(13) 37(47) 15(61) 26(75)
InDoor #2: 14(14) 33(24) 17(42) 21(54) 5(74)
InDoor #3: 13(24) 2(45) 34(58) 22(67) 8(80)
InDoor #4: 20(31) 38(36) 10(49) 39(71)
InDoor #5: 30(19) 9(33) 31(38) 11(50) 1(60) 12(77)
InDoor #6: 29(15) 16(23) 28(31) 24(44) 4(64) 25(77)
InDoor #7: 18(3) 6(12) 36(24) 35(34)
InDoor #8: 32(8) 3(14) 23(21) 7(28) 19(37)
OuDoor #1: 0(64) 38(80) 16(96) 24(105) 33(111)
OuDoor #2: 8(65) 13(77) 7(92) 27(102) 39(110)
OuDoor #3: 15(68) 18(74) 22(81) 10(93) 31(105)
OuDoor #4: 4(61) 17(71) 29(80) 11(92) 1(101)
OuDoor #5: 20(46) 14(64) 28(76) 5(91) 30(102) 26(111)
OuDoor #6: 21(61) 32(83) 37(101) 25(110)
OuDoor #7: 12(60) 9(72) 34(79) 3(102) 2(107) 6(116)
OuDoor #8: 19(82) 35(107) 36(115) 23(122)
Cost 181925.82
DetCost 169739
Time 1341.16
InDoor #1: 18(3) 14(14) 36(24) 19(37) 25(77)
InDoor #2: 30(19) 13(27) 24(44) 4(64) 26(75)
InDoor #3: 6(12) 9(33) 21(54) 5(74)
InDoor #4: 20(31) 35(36) 17(43) 34(58) 22(67) 12(77)
InDoor #5: 33(24) 31(37) 10(49) 1(60) 39(71)
InDoor #6: 3(9) 16(23) 28(31) 2(45) 8(80)
InDoor #7: 0(6) 29(15) 23(23) 38(33) 11(50) 15(61)
InDoor #8: 32(8) 27(14) 7(22) 37(47)
OuDoor #1: 21(61) 32(83) 27(102) 39(110)
OuDoor #2: 38(80) 10(93) 3(104) 30(109) 36(118)
OuDoor #3: 14(63) 9(71) 13(77) 5(91) 1(101)
OuDoor #4: 0(64) 18(74) 22(81) 7(92) 31(105) 16(113)
OuDoor #5: 12(60) 17(71) 29(80) 11(92) 24(104) 2(110)
OuDoor #6: 20(46) 4(59) 15(68) 28(76) 35(105) 26(111)
OuDoor #7: 8(65) 34(79) 37(101) 25(110) 33(119)
OuDoor #8: 19(82) 6(113) 23(122)
Cost 182563.18
DetCost 166360
Time 892.30
InDoor #1: 18(3) 9(33) 19(38) 25(77)
InDoor #2: 30(19) 13(27) 4(64) 5(74)
InDoor #3: 24(44) 21(54) 12(77)
InDoor #4: 14(14) 33(24) 35(34) 17(42) 34(58) 22(67)
InDoor #5: 0(6) 32(13) 36(24) 31(37) 10(49) 1(60) 39(71)
InDoor #6: 16(23) 28(31) 2(45) 26(75)
InDoor #7: 3(9) 29(16) 20(31) 38(36) 11(50) 15(61) 8(80)
InDoor #8: 23(5) 6(12) 7(22) 27(27) 37(47)
OuDoor #1: 32(83) 3(105) 2(110)
OuDoor #2: 21(61) 38(80) 5(91) 31(101) 30(109) 36(119)
OuDoor #3: 14(63) 9(71) 13(77) 7(92) 1(100) 39(110)
OuDoor #4: 12(60) 18(74) 22(81) 10(93) 35(104)
OuDoor #5: 17(71) 29(80) 11(92) 16(102) 26(111)
OuDoor #6: 20(46) 4(59) 15(68) 28(76) 27(105)
OuDoor #7: 8(65) 34(79) 37(101) 25(110) 23(119)
OuDoor #8: 0(64) 19(82) 24(105) 6(113) 33(122)
Cost 180919.71
DetCost 167495
Time 1525.79
InDoor #1: 18(3) 6(12) 7(22) 27(27) 31(37) 25(77)
InDoor #2: 28(30) 2(45) 4(64) 12(77)
InDoor #3: 20(31) 24(44) 21(54) 22(67) 5(74)
InDoor #4: 30(19) 35(34) 17(42) 34(58) 39(71)
InDoor #5: 0(6) 33(24) 19(37) 10(49) 26(75)
InDoor #6: 3(9) 14(16) 16(23) 32(31) 9(37) 37(47) 15(61)
InDoor #7: 23(5) 29(15) 36(24) 38(34) 11(50) 1(60)
InDoor #8: 13(24) 8(80)
OuDoor #1: 0(64) 32(83) 7(92) 31(101) 30(109) 36(125)
OuDoor #2: 20(46) 14(64) 9(72) 29(80) 5(91)
OuDoor #3: 8(65) 13(77) 11(91) 1(100) 2(110)
OuDoor #4: 21(61) 15(68) 18(74) 22(81) 10(93) 3(105) 39(110)
OuDoor #5: 12(60) 17(71) 38(80) 35(105) 26(111)
OuDoor #6: 4(61) 28(76) 27(105) 6(113) 23(122)
OuDoor #7: 19(82) 37(101) 25(110)
OuDoor #8: 34(79) 24(105) 16(112) 33(121)
Cost 183748.94
DetCost 169848
Time 103.55
