InDoor #1: 7(42) 3(69) 13(144) 4(164) 10(249)
InDoor #2: 12(17) 8(60) 0(146) 6(192) 11(250)
InDoor #3: 5(14) 2(25) 14(33) 9(133) 1(240)
OuDoor #1: 7(84) 2(97) 11(161) 6(268) 8(276) 14(338)
OuDoor #2: 1(98) 9(219) 4(271) 0(283)
OuDoor #3: 12(108) 3(144) 10(257) 5(270) 13(275)
Cost 37798.25
DetCost 37677
Time 1546.09
InDoor #1: 2(25) 5(33) 0(146) 6(192) 10(249)
InDoor #2: 12(17) 3(69) 13(144) 4(164) 11(250)
InDoor #3: 14(14) 7(42) 8(60) 9(133) 1(240)
OuDoor #1: 2(97) 9(219) 6(268) 13(276) 14(338)
OuDoor #2: 7(84) 1(98) 11(161) 4(271) 0(283)
OuDoor #3: 12(108) 3(144) 10(257) 5(270) 8(275)
Cost 37798.25
DetCost 37677
Time 1562.38
InDoor #1: 12(17) 3(69) 9(133) 4(164) 10(249)
InDoor #2: 7(42) 8(60) 0(146) 6(192) 1(240) 11(250)
InDoor #3: 5(14) 14(22) 2(28) 13(144)
OuDoor #1: 7(84) 3(144) 6(268) 13(276) 0(283) 14(338)
OuDoor #2: 2(97) 9(219) 10(257) 4(271)
OuDoor #3: 1(98) 12(108) 11(161) 5(270) 8(275)
Cost 37800.68
DetCost 37677
Time 70.56
InDoor #1: 3(69) 9(133) 4(164) 1(240) 10(249)
InDoor #2: 7(42) 8(60) 13(144) 6(192) 11(250)
InDoor #3: 14(14) 5(20) 12(28) 2(34) 0(146)
OuDoor #1: 7(84) 3(144) 10(257) 6(268) 8(276)
OuDoor #2: 2(97) 12(108) 11(161) 9(219) 4(271)
OuDoor #3: 1(98) 5(270) 13(275) 0(282) 14(338)
Cost 37799.35
DetCost 37677
Time 354.06
InDoor #1: 5(14) 3(69) 9(133) 1(240) 10(249)
InDoor #2: 7(42) 8(60) 0(146) 6(192) 11(250)
InDoor #3: 2(25) 14(33) 12(39) 13(144) 4(164)
OuDoor #1: 7(84) 3(144) 10(257) 6(268) 8(276)
OuDoor #2: 1(98) 12(108) 9(219) 4(271) 0(283)
OuDoor #3: 2(97) 11(161) 5(270) 13(275) 14(338)
Cost 37799.35
DetCost 37677
Time 1655.04
InDoor #1: 8(60) 0(146) 6(192) 1(240) 10(249)
InDoor #2: 7(42) 3(69) 13(144) 4(164) 11(250)
InDoor #3: 12(17) 5(23) 14(31) 2(37) 9(133)
OuDoor #1: 1(98) 9(219) 10(257) 6(268) 13(276)
OuDoor #2: 7(84) 2(97) 11(161) 4(271) 14(338)
OuDoor #3: 12(108) 3(144) 5(270) 8(275) 0(282)
Cost 37799.35
DetCost 37677
Time 238.14
InDoor #1: 2(25) 0(146) 6(192) 1(240) 10(249)
InDoor #2: 12(17) 3(69) 13(144) 4(164) 11(250)
InDoor #3: 5(14) 14(22) 7(42) 8(60) 9(133)
OuDoor #1: 9(219) 10(257) 6(268) 13(276) 0(283)
OuDoor #2: 7(84) 2(97) 12(108) 11(161) 4(271)
OuDoor #3: 1(98) 3(144) 5(270) 8(275) 14(338)
Cost 37799.35
DetCost 37677
Time 1385.37
InDoor #1: 7(42) 8(60) 13(144) 6(192) 10(249)
InDoor #2: 2(25) 3(69) 0(146) 4(164) 11(250)
InDoor #3: 5(14) 14(22) 12(28) 9(133) 1(240)
OuDoor #1: 11(161) 9(219) 6(268) 13(276) 14(338)
OuDoor #2: 7(84) 1(98) 12(108) 4(271) 0(283)
OuDoor #3: 2(97) 3(144) 10(257) 5(270) 8(275)
Cost 37798.25
DetCost 37677
Time 48.59
InDoor #1: 12(17) 14(23) 2(29) 13(144) 1(240)
InDoor #2: 7(42) 8(60) 0(146) 6(192) 11(250)
InDoor #3: 5(14) 3(69) 9(133) 4(164) 10(249)
OuDoor #1: 12(108) 11(161) 10(257) 5(270) 13(275)
OuDoor #2: 1(98) 9(219) 4(271) 0(283) 14(338)
OuDoor #3: 7(84) 2(97) 3(144) 6(268) 8(276)
Cost 37798.25
DetCost 37677
Time 728.81
InDoor #1: 14(14) 13(144) 4(164) 6(192) 1(240)
InDoor #2: 12(17) 7(42) 3(69) 0(146) 11(250)
InDoor #3: 2(25) 5(33) 8(60) 9(133) 10(249)
OuDoor #1: 1(98) 11(161) 9(219) 10(257) 5(270) 8(275)
OuDoor #2: 7(84) 12(108) 4(271) 14(338)
OuDoor #3: 2(97) 3(144) 6(268) 13(276) 0(283)
Cost 37798.25
DetCost 37677
Time 1760.45
